RUN_ID,REQUIREMENT_ID,FINAL_SHAPE,GENERATION_STATUS,RDF_EVALUATION_STATUS,NOTES
RUN-TRF-017-20260827T153526024486Z,TRF-017,final/final_shape.ttl,GENERATION_ACCEPTED,NOT_RUN,Run later with the separate bulk RDF evaluator.
