RUN_ID,REQUIREMENT_ID,ITERATION,STATIC_VALID,VALIDATOR_ACCEPT,MATCHER_ACTIVATED,DECISION,FEEDBACK,GENERATOR_ELAPSED_MS,VALIDATOR_ELAPSED_MS
RUN-IMO-069-20260901T182214771922Z,IMO-069,1,True,,False,NO_SEMANTIC_VALIDATOR_DETERMINISTIC_PASS,Semantic validator disabled; deterministic diagnostics were not used as repair feedback.,11813.908,0
