RUN_ID,REQUIREMENT_ID,ITERATION,STATIC_VALID,VALIDATOR_ACCEPT,MATCHER_ACTIVATED,DECISION,FEEDBACK,GENERATOR_ELAPSED_MS,VALIDATOR_ELAPSED_MS
RUN-IMO-014-20260821T002607353206Z,IMO-014,1,True,True,False,ACCEPT,"Candidate faithfully encodes the ship-level conditional requirement with mandatory boolean applicability evidence and, when applicable, mandatory true values for certificate presence and validity status. Targets, paths, datatypes, cardinalities, and canonical namespace are correct.",10546.826,10488.737
