RUN_ID,REQUIREMENT_ID,FINAL_SHAPE,GENERATION_STATUS,RDF_EVALUATION_STATUS,NOTES
RUN-IMO-095-20260827T141945045941Z,IMO-095,final/final_shape.ttl,GENERATION_ACCEPTED,NOT_RUN,Run later with the separate bulk RDF evaluator.
