RUN_ID,REQUIREMENT_ID,EXAMPLE_ID,CASE_ID,SCORE,MATCHED_TAGS,STATUS
RUN-IMO-068-20260829T083721394587Z,IMO-068,FS-BOOL-01,boolean_state,0.06383,boolean | required | value,synthetic-few-shot-not-benchmark-ground-truth
RUN-IMO-068-20260829T083721394587Z,IMO-068,FS-BOOL-02,boolean_state,0.06383,boolean | required | value,synthetic-few-shot-not-benchmark-ground-truth
