RUN_ID,REQUIREMENT_ID,ITERATION,STATIC_VALID,VALIDATOR_ACCEPT,MATCHER_ACTIVATED,DECISION,FEEDBACK,GENERATOR_ELAPSED_MS,VALIDATOR_ELAPSED_MS
RUN-IMO-100-20260827T211811873961Z,IMO-100,1,True,False,True,STOP_TERM_RESOLUTION,"The candidate does not faithfully encode the universal obligation: voyagePlanHazardCoverage true is only a presence flag and does not establish that each identified intended-voyage hazard is addressed by the voyage plan. Locate and use a canonical per-hazard addressing relationship/property (and the required owner/path) or equivalent explicit bounded coverage constraint; activate the vocabulary matcher because that canonical concept is absent from the scoped terms. Also remove sh:minCount 1 from identifiedIntendedVoyageHazard unless an independent requirement requires at least one hazard, since a universal every-item rule does not imply existence. Retain the ship target and the voyagePlanPresent = true check.",9104.63,8441.761
