REQUIREMENT_ID,SOURCE,EDITION,PAGE,CLAUSE,CATEGORY,ACTIVE_STATUS,CODABILITY,FIGURE_DEPENDENT,QUEUE_ELIGIBILITY,RUN_STATUS
I2-001,UR I2 Structural Requirements for Polar Class Ships,Rev.4 Dec 2019,1,I2.1.1 Note 6,Static,Stage 2 candidate - direct/deterministic,High,No,ELIGIBLE,NOT_RUN
I2-002,UR I2 Structural Requirements for Polar Class Ships,Rev.4 Dec 2019,1,I2.1.1,Static,Stage 2 candidate - direct/deterministic,High,No,ELIGIBLE,NOT_RUN
I2-003,UR I2 Structural Requirements for Polar Class Ships,Rev.4 Dec 2019,1,I2.1.2.1,Complex,Deferred - composite/evidence workflow review,Medium,No,DEFERRED,NOT_RUN
I2-004,UR I2 Structural Requirements for Polar Class Ships,Rev.4 Dec 2019,1,I2.1.2.2,Static,Stage 2 candidate - direct/deterministic,High,No,ELIGIBLE,NOT_RUN
I2-005,UR I2 Structural Requirements for Polar Class Ships,Rev.4 Dec 2019,2,I2.2.5,Static,Stage 2 candidate - direct/deterministic,High,No,ELIGIBLE,NOT_RUN
I2-006,UR I2 Structural Requirements for Polar Class Ships,Rev.4 Dec 2019,2,I2.2.6,Static,Stage 2 candidate - direct/deterministic,High,No,ELIGIBLE,NOT_RUN
I2-008,UR I2 Structural Requirements for Polar Class Ships,Rev.4 Dec 2019,3,I2.3.1,Static Calculation,Stage 2 candidate - direct/deterministic,High,No,ELIGIBLE,NOT_RUN
I2-009,UR I2 Structural Requirements for Polar Class Ships,Rev.4 Dec 2019,3,I2.3.1,Static Calculation,Stage 2 candidate - direct/deterministic,High,No,ELIGIBLE,NOT_RUN
I2-010,UR I2 Structural Requirements for Polar Class Ships,Rev.4 Dec 2019,3,I2.3.1,Static Calculation,Stage 2 candidate - direct/deterministic,High,No,ELIGIBLE,NOT_RUN
I2-011,UR I2 Structural Requirements for Polar Class Ships,Rev.4 Dec 2019,3,I2.3.1,Static Calculation,Stage 2 candidate - direct/deterministic,High,No,ELIGIBLE,NOT_RUN
I2-013,UR I2 Structural Requirements for Polar Class Ships,Rev.4 Dec 2019,3,I2.3.1,Static,Stage 2 candidate - direct/deterministic,Medium,No,ELIGIBLE,NOT_RUN
I2-014,UR I2 Structural Requirements for Polar Class Ships,Rev.4 Dec 2019,5,I2.3.2.1,Static Calculation,Stage 2 candidate - direct/deterministic,High,No,ELIGIBLE,NOT_RUN
I2-015,UR I2 Structural Requirements for Polar Class Ships,Rev.4 Dec 2019,5,I2.3.2.1,Static Calculation,Stage 2 candidate - direct/deterministic,High,No,ELIGIBLE,NOT_RUN
I2-017,UR I2 Structural Requirements for Polar Class Ships,Rev.4 Dec 2019,6,I2.3.2.2,Static Calculation,Stage 2 candidate - direct/deterministic,High,No,ELIGIBLE,NOT_RUN
I2-018,UR I2 Structural Requirements for Polar Class Ships,Rev.4 Dec 2019,7,I2.3.4,Static Calculation,Stage 2 candidate - direct/deterministic,Medium,No,ELIGIBLE,NOT_RUN
I2-019,UR I2 Structural Requirements for Polar Class Ships,Rev.4 Dec 2019,7,I2.3.5,Static Calculation,Stage 2 candidate - direct/deterministic,High,No,ELIGIBLE,NOT_RUN
I2-021,UR I2 Structural Requirements for Polar Class Ships,Rev.4 Dec 2019,8,I2.4.1,Static Calculation,Stage 2 candidate - direct/deterministic,Medium,No,ELIGIBLE,NOT_RUN
I2-022,UR I2 Structural Requirements for Polar Class Ships,Rev.4 Dec 2019,8,I2.4.2,Static Calculation,Stage 2 candidate - direct/deterministic,High,No,ELIGIBLE,NOT_RUN
I2-023,UR I2 Structural Requirements for Polar Class Ships,Rev.4 Dec 2019,9,I2.4.2,Static Calculation,Stage 2 candidate - direct/deterministic,Medium,No,ELIGIBLE,NOT_RUN
I2-024,UR I2 Structural Requirements for Polar Class Ships,Rev.4 Dec 2019,9,I2.4.2,Static Calculation,Stage 2 candidate - direct/deterministic,High,No,ELIGIBLE,NOT_RUN
I2-026,UR I2 Structural Requirements for Polar Class Ships,Rev.4 Dec 2019,10,I2.5.3,Static,Stage 2 candidate - direct/deterministic,High,No,ELIGIBLE,NOT_RUN
I2-029,UR I2 Structural Requirements for Polar Class Ships,Rev.4 Dec 2019,10,I2.5.6,Static Calculation,Stage 2 candidate - direct/deterministic,Medium,No,ELIGIBLE,NOT_RUN
I2-030,UR I2 Structural Requirements for Polar Class Ships,Rev.4 Dec 2019,11,I2.5.8-I2.5.9,Static Calculation,Stage 2 candidate - direct/deterministic,Medium,No,ELIGIBLE,NOT_RUN
I2-031,UR I2 Structural Requirements for Polar Class Ships,Rev.4 Dec 2019,12,I2.6.1,Static,Stage 2 candidate - direct/deterministic,High,No,ELIGIBLE,NOT_RUN
I2-032,UR I2 Structural Requirements for Polar Class Ships,Rev.4 Dec 2019,12,I2.6.2,Static Calculation,Stage 2 candidate - direct/deterministic,Medium,No,ELIGIBLE,NOT_RUN
I2-034,UR I2 Structural Requirements for Polar Class Ships,Rev.4 Dec 2019,13,I2.7.1,Static,Stage 2 candidate - direct/deterministic,High,No,ELIGIBLE,NOT_RUN
I2-035,UR I2 Structural Requirements for Polar Class Ships,Rev.4 Dec 2019,13,I2.7.2,Static Calculation,Stage 2 candidate - direct/deterministic,Medium,No,ELIGIBLE,NOT_RUN
I2-037,UR I2 Structural Requirements for Polar Class Ships,Rev.4 Dec 2019,13,I2.8.1,Static,Stage 2 candidate - direct/deterministic,High,No,ELIGIBLE,NOT_RUN
I2-040,UR I2 Structural Requirements for Polar Class Ships,Rev.4 Dec 2019,14,I2.9.1,Static Calculation,Stage 2 candidate - direct/deterministic,Medium,No,ELIGIBLE,NOT_RUN
I2-041,UR I2 Structural Requirements for Polar Class Ships,Rev.4 Dec 2019,15,I2.9.3,Static Calculation,Stage 2 candidate - direct/deterministic,Medium,No,ELIGIBLE,NOT_RUN
I2-042,UR I2 Structural Requirements for Polar Class Ships,Rev.4 Dec 2019,15,I2.9.4,Static Calculation,Stage 2 candidate - direct/deterministic,High,No,ELIGIBLE,NOT_RUN
I2-043,UR I2 Structural Requirements for Polar Class Ships,Rev.4 Dec 2019,15,I2.9.4,Static Calculation,Stage 2 candidate - direct/deterministic,Medium,No,ELIGIBLE,NOT_RUN
I2-046,UR I2 Structural Requirements for Polar Class Ships,Rev.4 Dec 2019,15,I2.11.3,Static Calculation,Stage 2 candidate - direct/deterministic,High,No,ELIGIBLE,NOT_RUN
I2-047,UR I2 Structural Requirements for Polar Class Ships,Rev.4 Dec 2019,16,I2.11.4,Static Calculation,Stage 2 candidate - direct/deterministic,High,No,ELIGIBLE,NOT_RUN
I2-048,UR I2 Structural Requirements for Polar Class Ships,Rev.4 Dec 2019,16,I2.12.1,Static Calculation,Stage 2 candidate - direct/deterministic,Medium,No,ELIGIBLE,NOT_RUN
I2-050,UR I2 Structural Requirements for Polar Class Ships,Rev.4 Dec 2019,18,I2.13.2.1,Static Calculation,Stage 2 candidate - direct/deterministic,High,No,ELIGIBLE,NOT_RUN
I2-051,UR I2 Structural Requirements for Polar Class Ships,Rev.4 Dec 2019,19,I2.13.3.1,Static Calculation,Stage 2 candidate - direct/deterministic,High,No,ELIGIBLE,NOT_RUN
I2-052,UR I2 Structural Requirements for Polar Class Ships,Rev.4 Dec 2019,19,I2.13.3.1,Static,Stage 2 candidate - direct/deterministic,High,No,ELIGIBLE,NOT_RUN
I2-053,UR I2 Structural Requirements for Polar Class Ships,Rev.4 Dec 2019,20,I2.13.3.2,Static Calculation,Stage 2 candidate - direct/deterministic,High,No,ELIGIBLE,NOT_RUN
I2-054,UR I2 Structural Requirements for Polar Class Ships,Rev.4 Dec 2019,20,I2.13.4.1,Static Calculation,Stage 2 candidate - direct/deterministic,High,No,ELIGIBLE,NOT_RUN
I2-055,UR I2 Structural Requirements for Polar Class Ships,Rev.4 Dec 2019,20,I2.13.5.1,Static Calculation,Stage 2 candidate - direct/deterministic,Medium,No,ELIGIBLE,NOT_RUN
I2-060,UR I2 Structural Requirements for Polar Class Ships,Rev.4 Dec 2019,21,I2.16.2,Static,Stage 2 candidate - direct/deterministic,High,No,ELIGIBLE,NOT_RUN
I2-061,UR I2 Structural Requirements for Polar Class Ships,Rev.4 Dec 2019,21,I2.17.1,Static,Stage 2 candidate - direct/deterministic,High,No,ELIGIBLE,NOT_RUN
I2-062,UR I2 Structural Requirements for Polar Class Ships,Rev.4 Dec 2019,21,I2.17.2,Static,Stage 2 candidate - direct/deterministic,High,No,ELIGIBLE,NOT_RUN
I2-064,UR I2 Structural Requirements for Polar Class Ships,Rev.4 Dec 2019,21,I2.17.5,Static Calculation,Stage 2 candidate - direct/deterministic,High,No,ELIGIBLE,NOT_RUN
I2-065,UR I2 Structural Requirements for Polar Class Ships,Rev.4 Dec 2019,22,I2.17.6,Static Calculation,Stage 2 candidate - direct/deterministic,Medium,No,ELIGIBLE,NOT_RUN
I2-066,UR I2 Structural Requirements for Polar Class Ships,Rev.4 Dec 2019,22,I2.18.1,Static,Stage 2 candidate - direct/deterministic,High,No,ELIGIBLE,NOT_RUN
I2-067,UR I2 Structural Requirements for Polar Class Ships,Rev.4 Dec 2019,22,I2.18.2,Static,Stage 2 candidate - direct/deterministic,High,No,ELIGIBLE,NOT_RUN
IMO-001,International Code for Ships Operating in Polar Waters (Polar Code),"Resolution MSC.385(94), adopted 21 Nov 2014; consolidated with MEPC.264(68), adopted 15 May 2015",9,2.1,Static,Stage 2 candidate - direct/deterministic,High,No,ELIGIBLE,NOT_RUN
IMO-002,International Code for Ships Operating in Polar Waters (Polar Code),"Resolution MSC.385(94), adopted 21 Nov 2014; consolidated with MEPC.264(68), adopted 15 May 2015",9,2.2,Static,Stage 2 candidate - direct/deterministic,High,No,ELIGIBLE,NOT_RUN
IMO-003,International Code for Ships Operating in Polar Waters (Polar Code),"Resolution MSC.385(94), adopted 21 Nov 2014; consolidated with MEPC.264(68), adopted 15 May 2015",9,2.3,Static,Stage 2 candidate - direct/deterministic,High,No,ELIGIBLE,NOT_RUN
IMO-004,International Code for Ships Operating in Polar Waters (Polar Code),"Resolution MSC.385(94), adopted 21 Nov 2014; consolidated with MEPC.264(68), adopted 15 May 2015",9,2.4,Static,Stage 2 candidate - direct/deterministic,High,No,ELIGIBLE,NOT_RUN
IMO-005,International Code for Ships Operating in Polar Waters (Polar Code),"Resolution MSC.385(94), adopted 21 Nov 2014; consolidated with MEPC.264(68), adopted 15 May 2015",9,2.5,Static,Stage 2 candidate - direct/deterministic,High,No,ELIGIBLE,NOT_RUN
IMO-006,International Code for Ships Operating in Polar Waters (Polar Code),"Resolution MSC.385(94), adopted 21 Nov 2014; consolidated with MEPC.264(68), adopted 15 May 2015",9,2.8,Static,Stage 2 candidate - direct/deterministic,High,No,ELIGIBLE,NOT_RUN
IMO-007,International Code for Ships Operating in Polar Waters (Polar Code),"Resolution MSC.385(94), adopted 21 Nov 2014; consolidated with MEPC.264(68), adopted 15 May 2015",9,2.10,Static,Stage 2 candidate - direct/deterministic,High,No,ELIGIBLE,NOT_RUN
IMO-008,International Code for Ships Operating in Polar Waters (Polar Code),"Resolution MSC.385(94), adopted 21 Nov 2014; consolidated with MEPC.264(68), adopted 15 May 2015",10,2.15,Static,Stage 2 candidate - direct/deterministic,High,No,ELIGIBLE,NOT_RUN
IMO-009,International Code for Ships Operating in Polar Waters (Polar Code),"Resolution MSC.385(94), adopted 21 Nov 2014; consolidated with MEPC.264(68), adopted 15 May 2015",13,1.2.1,Static,Stage 2 candidate - direct/deterministic,High,No,ELIGIBLE,NOT_RUN
IMO-010,International Code for Ships Operating in Polar Waters (Polar Code),"Resolution MSC.385(94), adopted 21 Nov 2014; consolidated with MEPC.264(68), adopted 15 May 2015",13,1.2.7,Static,Stage 2 candidate - direct/deterministic,High,No,ELIGIBLE,NOT_RUN
IMO-011,International Code for Ships Operating in Polar Waters (Polar Code),"Resolution MSC.385(94), adopted 21 Nov 2014; consolidated with MEPC.264(68), adopted 15 May 2015",13,1.2.9,Static Calculation,Stage 2 candidate - direct/deterministic,High,No,ELIGIBLE,NOT_RUN
IMO-012,International Code for Ships Operating in Polar Waters (Polar Code),"Resolution MSC.385(94), adopted 21 Nov 2014; consolidated with MEPC.264(68), adopted 15 May 2015",14,1.2.11,Static Calculation,Stage 2 candidate - direct/deterministic,High,No,ELIGIBLE,NOT_RUN
IMO-013,International Code for Ships Operating in Polar Waters (Polar Code),"Resolution MSC.385(94), adopted 21 Nov 2014; consolidated with MEPC.264(68), adopted 15 May 2015",14,1.2.12,Static,Stage 2 candidate - direct/deterministic,High,No,ELIGIBLE,NOT_RUN
IMO-014,International Code for Ships Operating in Polar Waters (Polar Code),"Resolution MSC.385(94), adopted 21 Nov 2014; consolidated with MEPC.264(68), adopted 15 May 2015",14,1.3.1,Static,Stage 2 candidate - direct/deterministic,High,No,ELIGIBLE,NOT_RUN
IMO-015,International Code for Ships Operating in Polar Waters (Polar Code),"Resolution MSC.385(94), adopted 21 Nov 2014; consolidated with MEPC.264(68), adopted 15 May 2015",14,1.3.2,Physical Test,Evidence-only - physical result not inferred by SHACL,Medium,No,DEFERRED,NOT_RUN
IMO-016,International Code for Ships Operating in Polar Waters (Polar Code),"Resolution MSC.385(94), adopted 21 Nov 2014; consolidated with MEPC.264(68), adopted 15 May 2015",14,1.3.5,Static,Stage 2 candidate - direct/deterministic,High,No,ELIGIBLE,NOT_RUN
IMO-017,International Code for Ships Operating in Polar Waters (Polar Code),"Resolution MSC.385(94), adopted 21 Nov 2014; consolidated with MEPC.264(68), adopted 15 May 2015",14,1.3.6,Static,Stage 2 candidate - direct/deterministic,Medium,No,ELIGIBLE,NOT_RUN
IMO-018,International Code for Ships Operating in Polar Waters (Polar Code),"Resolution MSC.385(94), adopted 21 Nov 2014; consolidated with MEPC.264(68), adopted 15 May 2015",14,1.3.7,Complex,Deferred - composite/evidence workflow review,Medium,No,DEFERRED,NOT_RUN
IMO-019,International Code for Ships Operating in Polar Waters (Polar Code),"Resolution MSC.385(94), adopted 21 Nov 2014; consolidated with MEPC.264(68), adopted 15 May 2015",15,1.4.2,Static Calculation,Stage 2 candidate - direct/deterministic,High,No,ELIGIBLE,NOT_RUN
IMO-020,International Code for Ships Operating in Polar Waters (Polar Code),"Resolution MSC.385(94), adopted 21 Nov 2014; consolidated with MEPC.264(68), adopted 15 May 2015",15,1.4.3,Physical Test,Evidence-only - physical result not inferred by SHACL,Medium,No,DEFERRED,NOT_RUN
IMO-021,International Code for Ships Operating in Polar Waters (Polar Code),"Resolution MSC.385(94), adopted 21 Nov 2014; consolidated with MEPC.264(68), adopted 15 May 2015",15,1.5,Complex,Deferred - composite/evidence workflow review,Medium,No,DEFERRED,NOT_RUN
IMO-022,International Code for Ships Operating in Polar Waters (Polar Code),"Resolution MSC.385(94), adopted 21 Nov 2014; consolidated with MEPC.264(68), adopted 15 May 2015",15,2.2.2,Static,Stage 2 candidate - direct/deterministic,High,No,ELIGIBLE,NOT_RUN
IMO-023,International Code for Ships Operating in Polar Waters (Polar Code),"Resolution MSC.385(94), adopted 21 Nov 2014; consolidated with MEPC.264(68), adopted 15 May 2015",15,2.2.3,Static,Stage 2 candidate - direct/deterministic,High,No,ELIGIBLE,NOT_RUN
IMO-024,International Code for Ships Operating in Polar Waters (Polar Code),"Resolution MSC.385(94), adopted 21 Nov 2014; consolidated with MEPC.264(68), adopted 15 May 2015",15,2.2.4,Static,Stage 2 candidate - direct/deterministic,High,No,ELIGIBLE,NOT_RUN
IMO-025,International Code for Ships Operating in Polar Waters (Polar Code),"Resolution MSC.385(94), adopted 21 Nov 2014; consolidated with MEPC.264(68), adopted 15 May 2015",16,2.3.1,Static,Stage 2 candidate - direct/deterministic,High,No,ELIGIBLE,NOT_RUN
IMO-026,International Code for Ships Operating in Polar Waters (Polar Code),"Resolution MSC.385(94), adopted 21 Nov 2014; consolidated with MEPC.264(68), adopted 15 May 2015",16,2.3.2,Static,Stage 2 candidate - direct/deterministic,High,No,ELIGIBLE,NOT_RUN
IMO-027,International Code for Ships Operating in Polar Waters (Polar Code),"Resolution MSC.385(94), adopted 21 Nov 2014; consolidated with MEPC.264(68), adopted 15 May 2015",16,2.3.3,Complex,Deferred - composite/evidence workflow review,Medium,No,DEFERRED,NOT_RUN
IMO-028,International Code for Ships Operating in Polar Waters (Polar Code),"Resolution MSC.385(94), adopted 21 Nov 2014; consolidated with MEPC.264(68), adopted 15 May 2015",16,2.3.4,Complex,Deferred - composite/evidence workflow review,Medium,No,DEFERRED,NOT_RUN
IMO-029,International Code for Ships Operating in Polar Waters (Polar Code),"Resolution MSC.385(94), adopted 21 Nov 2014; consolidated with MEPC.264(68), adopted 15 May 2015",16,2.3.5,Static,Stage 2 candidate - direct/deterministic,High,No,ELIGIBLE,NOT_RUN
IMO-030,International Code for Ships Operating in Polar Waters (Polar Code),"Resolution MSC.385(94), adopted 21 Nov 2014; consolidated with MEPC.264(68), adopted 15 May 2015",16,2.3.6,Complex,Deferred - composite/evidence workflow review,Medium,No,DEFERRED,NOT_RUN
IMO-031,International Code for Ships Operating in Polar Waters (Polar Code),"Resolution MSC.385(94), adopted 21 Nov 2014; consolidated with MEPC.264(68), adopted 15 May 2015",17,3.3.1,Complex,Deferred - composite/evidence workflow review,Medium,No,DEFERRED,NOT_RUN
IMO-032,International Code for Ships Operating in Polar Waters (Polar Code),"Resolution MSC.385(94), adopted 21 Nov 2014; consolidated with MEPC.264(68), adopted 15 May 2015",17,3.3.2.1-.3,Complex,Deferred - composite/evidence workflow review,Medium,No,DEFERRED,NOT_RUN
IMO-033,International Code for Ships Operating in Polar Waters (Polar Code),"Resolution MSC.385(94), adopted 21 Nov 2014; consolidated with MEPC.264(68), adopted 15 May 2015",18,4.3.1.1,Static Calculation,Stage 2 candidate - direct/deterministic,High,No,ELIGIBLE,NOT_RUN
IMO-034,International Code for Ships Operating in Polar Waters (Polar Code),"Resolution MSC.385(94), adopted 21 Nov 2014; consolidated with MEPC.264(68), adopted 15 May 2015",18,4.3.1.2,Complex,Deferred - composite/evidence workflow review,Medium,No,DEFERRED,NOT_RUN
IMO-035,International Code for Ships Operating in Polar Waters (Polar Code),"Resolution MSC.385(94), adopted 21 Nov 2014; consolidated with MEPC.264(68), adopted 15 May 2015",18,4.3.1.3,Static,Stage 2 candidate - direct/deterministic,High,No,ELIGIBLE,NOT_RUN
IMO-036,International Code for Ships Operating in Polar Waters (Polar Code),"Resolution MSC.385(94), adopted 21 Nov 2014; consolidated with MEPC.264(68), adopted 15 May 2015",18,4.3.1.4,Dynamic,Deferred - observation/history/simulation design required,Medium,No,DEFERRED,NOT_RUN
IMO-037,International Code for Ships Operating in Polar Waters (Polar Code),"Resolution MSC.385(94), adopted 21 Nov 2014; consolidated with MEPC.264(68), adopted 15 May 2015",19,4.3.2.1,Static Calculation,Stage 2 candidate - direct/deterministic,High,No,ELIGIBLE,NOT_RUN
IMO-038,International Code for Ships Operating in Polar Waters (Polar Code),"Resolution MSC.385(94), adopted 21 Nov 2014; consolidated with MEPC.264(68), adopted 15 May 2015",19,4.3.2.2,Static Calculation,Stage 2 candidate - direct/deterministic,High,No,ELIGIBLE,NOT_RUN
IMO-039,International Code for Ships Operating in Polar Waters (Polar Code),"Resolution MSC.385(94), adopted 21 Nov 2014; consolidated with MEPC.264(68), adopted 15 May 2015",19,5.2,Physical Test,Evidence-only - physical result not inferred by SHACL,Medium,No,DEFERRED,NOT_RUN
IMO-040,International Code for Ships Operating in Polar Waters (Polar Code),"Resolution MSC.385(94), adopted 21 Nov 2014; consolidated with MEPC.264(68), adopted 15 May 2015",19,5.3.1,Static,Stage 2 candidate - direct/deterministic,High,No,ELIGIBLE,NOT_RUN
IMO-041,International Code for Ships Operating in Polar Waters (Polar Code),"Resolution MSC.385(94), adopted 21 Nov 2014; consolidated with MEPC.264(68), adopted 15 May 2015",19,5.3.2.1,Static,Stage 2 candidate - direct/deterministic,High,No,ELIGIBLE,NOT_RUN
IMO-042,International Code for Ships Operating in Polar Waters (Polar Code),"Resolution MSC.385(94), adopted 21 Nov 2014; consolidated with MEPC.264(68), adopted 15 May 2015",20,5.3.2.2,Physical Test,Evidence-only - physical result not inferred by SHACL,Medium,No,DEFERRED,NOT_RUN
IMO-043,International Code for Ships Operating in Polar Waters (Polar Code),"Resolution MSC.385(94), adopted 21 Nov 2014; consolidated with MEPC.264(68), adopted 15 May 2015",20,6.3.1.1,Static,Stage 2 candidate - direct/deterministic,Medium,No,ELIGIBLE,NOT_RUN
IMO-044,International Code for Ships Operating in Polar Waters (Polar Code),"Resolution MSC.385(94), adopted 21 Nov 2014; consolidated with MEPC.264(68), adopted 15 May 2015",21,6.3.1.2,Dynamic,Deferred - observation/history/simulation design required,Medium,No,DEFERRED,NOT_RUN
IMO-045,International Code for Ships Operating in Polar Waters (Polar Code),"Resolution MSC.385(94), adopted 21 Nov 2014; consolidated with MEPC.264(68), adopted 15 May 2015",21,6.3.1.3,Static,Stage 2 candidate - direct/deterministic,High,No,ELIGIBLE,NOT_RUN
IMO-046,International Code for Ships Operating in Polar Waters (Polar Code),"Resolution MSC.385(94), adopted 21 Nov 2014; consolidated with MEPC.264(68), adopted 15 May 2015",21,6.3.2.1,Physical Test,Evidence-only - physical result not inferred by SHACL,Medium,No,DEFERRED,NOT_RUN
IMO-047,International Code for Ships Operating in Polar Waters (Polar Code),"Resolution MSC.385(94), adopted 21 Nov 2014; consolidated with MEPC.264(68), adopted 15 May 2015",21,6.3.2.2,Static,Stage 2 candidate - direct/deterministic,High,No,ELIGIBLE,NOT_RUN
IMO-048,International Code for Ships Operating in Polar Waters (Polar Code),"Resolution MSC.385(94), adopted 21 Nov 2014; consolidated with MEPC.264(68), adopted 15 May 2015",21,6.3.2.3,Complex,Deferred - composite/evidence workflow review,Medium,No,DEFERRED,NOT_RUN
IMO-049,International Code for Ships Operating in Polar Waters (Polar Code),"Resolution MSC.385(94), adopted 21 Nov 2014; consolidated with MEPC.264(68), adopted 15 May 2015",21,6.3.3.1-.3,Complex,Deferred - composite/evidence workflow review,Medium,No,DEFERRED,NOT_RUN
IMO-050,International Code for Ships Operating in Polar Waters (Polar Code),"Resolution MSC.385(94), adopted 21 Nov 2014; consolidated with MEPC.264(68), adopted 15 May 2015",22,7.2.1.1,Static,Stage 2 candidate - direct/deterministic,High,No,ELIGIBLE,NOT_RUN
IMO-051,International Code for Ships Operating in Polar Waters (Polar Code),"Resolution MSC.385(94), adopted 21 Nov 2014; consolidated with MEPC.264(68), adopted 15 May 2015",22,7.2.1.2,Static,Stage 2 candidate - direct/deterministic,High,No,ELIGIBLE,NOT_RUN
IMO-052,International Code for Ships Operating in Polar Waters (Polar Code),"Resolution MSC.385(94), adopted 21 Nov 2014; consolidated with MEPC.264(68), adopted 15 May 2015",22,7.2.1.4,Static,Stage 2 candidate - direct/deterministic,High,No,ELIGIBLE,NOT_RUN
IMO-053,International Code for Ships Operating in Polar Waters (Polar Code),"Resolution MSC.385(94), adopted 21 Nov 2014; consolidated with MEPC.264(68), adopted 15 May 2015",22,7.2.1.5,Static,Stage 2 candidate - direct/deterministic,Medium,No,ELIGIBLE,NOT_RUN
IMO-054,International Code for Ships Operating in Polar Waters (Polar Code),"Resolution MSC.385(94), adopted 21 Nov 2014; consolidated with MEPC.264(68), adopted 15 May 2015",22,7.2.2.1,Physical Test,Evidence-only - physical result not inferred by SHACL,Medium,No,DEFERRED,NOT_RUN
IMO-055,International Code for Ships Operating in Polar Waters (Polar Code),"Resolution MSC.385(94), adopted 21 Nov 2014; consolidated with MEPC.264(68), adopted 15 May 2015",22,7.3.1.1,Static,Stage 2 candidate - direct/deterministic,High,No,ELIGIBLE,NOT_RUN
IMO-056,International Code for Ships Operating in Polar Waters (Polar Code),"Resolution MSC.385(94), adopted 21 Nov 2014; consolidated with MEPC.264(68), adopted 15 May 2015",22,7.3.1.2,Physical Test,Evidence-only - physical result not inferred by SHACL,Medium,No,DEFERRED,NOT_RUN
IMO-057,International Code for Ships Operating in Polar Waters (Polar Code),"Resolution MSC.385(94), adopted 21 Nov 2014; consolidated with MEPC.264(68), adopted 15 May 2015",22,7.3.2.1,Static,Stage 2 candidate - direct/deterministic,High,No,ELIGIBLE,NOT_RUN
IMO-058,International Code for Ships Operating in Polar Waters (Polar Code),"Resolution MSC.385(94), adopted 21 Nov 2014; consolidated with MEPC.264(68), adopted 15 May 2015",22,7.3.2.2,Static,Stage 2 candidate - direct/deterministic,High,No,ELIGIBLE,NOT_RUN
IMO-059,International Code for Ships Operating in Polar Waters (Polar Code),"Resolution MSC.385(94), adopted 21 Nov 2014; consolidated with MEPC.264(68), adopted 15 May 2015",22,7.3.2.3,Static,Stage 2 candidate - direct/deterministic,High,No,ELIGIBLE,NOT_RUN
IMO-060,International Code for Ships Operating in Polar Waters (Polar Code),"Resolution MSC.385(94), adopted 21 Nov 2014; consolidated with MEPC.264(68), adopted 15 May 2015",22,7.3.2.4,Static,Stage 2 candidate - direct/deterministic,High,No,ELIGIBLE,NOT_RUN
IMO-061,International Code for Ships Operating in Polar Waters (Polar Code),"Resolution MSC.385(94), adopted 21 Nov 2014; consolidated with MEPC.264(68), adopted 15 May 2015",23,7.3.3.1,Physical Test,Evidence-only - physical result not inferred by SHACL,Medium,No,DEFERRED,NOT_RUN
IMO-062,International Code for Ships Operating in Polar Waters (Polar Code),"Resolution MSC.385(94), adopted 21 Nov 2014; consolidated with MEPC.264(68), adopted 15 May 2015",23,8.2.1.1,Static,Stage 2 candidate - direct/deterministic,Medium,No,ELIGIBLE,NOT_RUN
IMO-063,International Code for Ships Operating in Polar Waters (Polar Code),"Resolution MSC.385(94), adopted 21 Nov 2014; consolidated with MEPC.264(68), adopted 15 May 2015",23,8.2.2,Physical Test,Evidence-only - physical result not inferred by SHACL,Medium,No,DEFERRED,NOT_RUN
IMO-064,International Code for Ships Operating in Polar Waters (Polar Code),"Resolution MSC.385(94), adopted 21 Nov 2014; consolidated with MEPC.264(68), adopted 15 May 2015",23,8.2.3.1,Static,Stage 2 candidate - direct/deterministic,Medium,No,ELIGIBLE,NOT_RUN
IMO-065,International Code for Ships Operating in Polar Waters (Polar Code),"Resolution MSC.385(94), adopted 21 Nov 2014; consolidated with MEPC.264(68), adopted 15 May 2015",23-24,8.2.3.3,Complex,Deferred - composite/evidence workflow review,Medium,No,DEFERRED,NOT_RUN
IMO-066,International Code for Ships Operating in Polar Waters (Polar Code),"Resolution MSC.385(94), adopted 21 Nov 2014; consolidated with MEPC.264(68), adopted 15 May 2015",24,8.3.1.1,Static,Stage 2 candidate - direct/deterministic,High,No,ELIGIBLE,NOT_RUN
IMO-067,International Code for Ships Operating in Polar Waters (Polar Code),"Resolution MSC.385(94), adopted 21 Nov 2014; consolidated with MEPC.264(68), adopted 15 May 2015",24,8.3.1.2,Physical Test,Evidence-only - physical result not inferred by SHACL,Medium,No,DEFERRED,NOT_RUN
IMO-068,International Code for Ships Operating in Polar Waters (Polar Code),"Resolution MSC.385(94), adopted 21 Nov 2014; consolidated with MEPC.264(68), adopted 15 May 2015",24,8.3.2.1,Complex,Deferred - composite/evidence workflow review,Medium,No,DEFERRED,NOT_RUN
IMO-069,International Code for Ships Operating in Polar Waters (Polar Code),"Resolution MSC.385(94), adopted 21 Nov 2014; consolidated with MEPC.264(68), adopted 15 May 2015",24,8.3.2.2,Static,Stage 2 candidate - direct/deterministic,High,No,ELIGIBLE,NOT_RUN
IMO-070,International Code for Ships Operating in Polar Waters (Polar Code),"Resolution MSC.385(94), adopted 21 Nov 2014; consolidated with MEPC.264(68), adopted 15 May 2015",24,8.3.3.1.1,Static,Stage 2 candidate - direct/deterministic,High,No,ELIGIBLE,NOT_RUN
IMO-071,International Code for Ships Operating in Polar Waters (Polar Code),"Resolution MSC.385(94), adopted 21 Nov 2014; consolidated with MEPC.264(68), adopted 15 May 2015",24,8.3.3.1.2,Static,Stage 2 candidate - direct/deterministic,High,No,ELIGIBLE,NOT_RUN
IMO-072,International Code for Ships Operating in Polar Waters (Polar Code),"Resolution MSC.385(94), adopted 21 Nov 2014; consolidated with MEPC.264(68), adopted 15 May 2015",25,8.3.3.2,Static,Stage 2 candidate - direct/deterministic,High,No,ELIGIBLE,NOT_RUN
IMO-073,International Code for Ships Operating in Polar Waters (Polar Code),"Resolution MSC.385(94), adopted 21 Nov 2014; consolidated with MEPC.264(68), adopted 15 May 2015",25,8.3.3.3.1,Static,Stage 2 candidate - direct/deterministic,High,No,ELIGIBLE,NOT_RUN
IMO-074,International Code for Ships Operating in Polar Waters (Polar Code),"Resolution MSC.385(94), adopted 21 Nov 2014; consolidated with MEPC.264(68), adopted 15 May 2015",25,8.3.3.3.3.1,Static,Stage 2 candidate - direct/deterministic,Medium,No,ELIGIBLE,NOT_RUN
IMO-075,International Code for Ships Operating in Polar Waters (Polar Code),"Resolution MSC.385(94), adopted 21 Nov 2014; consolidated with MEPC.264(68), adopted 15 May 2015",25,8.3.3.3.3.2,Static Calculation,Stage 2 candidate - direct/deterministic,High,No,ELIGIBLE,NOT_RUN
IMO-076,International Code for Ships Operating in Polar Waters (Polar Code),"Resolution MSC.385(94), adopted 21 Nov 2014; consolidated with MEPC.264(68), adopted 15 May 2015",25,8.3.3.3.3.3,Physical Test,Evidence-only - physical result not inferred by SHACL,Medium,No,DEFERRED,NOT_RUN
IMO-077,International Code for Ships Operating in Polar Waters (Polar Code),"Resolution MSC.385(94), adopted 21 Nov 2014; consolidated with MEPC.264(68), adopted 15 May 2015",25,8.3.3.3.3.5,Static Calculation,Stage 2 candidate - direct/deterministic,High,No,ELIGIBLE,NOT_RUN
IMO-078,International Code for Ships Operating in Polar Waters (Polar Code),"Resolution MSC.385(94), adopted 21 Nov 2014; consolidated with MEPC.264(68), adopted 15 May 2015",25,8.3.3.3.3.6-.7,Static,Stage 2 candidate - direct/deterministic,High,No,ELIGIBLE,NOT_RUN
IMO-079,International Code for Ships Operating in Polar Waters (Polar Code),"Resolution MSC.385(94), adopted 21 Nov 2014; consolidated with MEPC.264(68), adopted 15 May 2015",25,8.3.3.4,Static Calculation,Stage 2 candidate - direct/deterministic,High,No,ELIGIBLE,NOT_RUN
IMO-080,International Code for Ships Operating in Polar Waters (Polar Code),"Resolution MSC.385(94), adopted 21 Nov 2014; consolidated with MEPC.264(68), adopted 15 May 2015",26,9.3.1,Dynamic,Deferred - observation/history/simulation design required,Medium,No,DEFERRED,NOT_RUN
IMO-081,International Code for Ships Operating in Polar Waters (Polar Code),"Resolution MSC.385(94), adopted 21 Nov 2014; consolidated with MEPC.264(68), adopted 15 May 2015",26,9.3.2.1.1,Static,Stage 2 candidate - direct/deterministic,High,No,ELIGIBLE,NOT_RUN
IMO-082,International Code for Ships Operating in Polar Waters (Polar Code),"Resolution MSC.385(94), adopted 21 Nov 2014; consolidated with MEPC.264(68), adopted 15 May 2015",26,9.3.2.1.2,Static,Stage 2 candidate - direct/deterministic,Medium,No,ELIGIBLE,NOT_RUN
IMO-083,International Code for Ships Operating in Polar Waters (Polar Code),"Resolution MSC.385(94), adopted 21 Nov 2014; consolidated with MEPC.264(68), adopted 15 May 2015",27,9.3.2.1.3,Static,Stage 2 candidate - direct/deterministic,High,No,ELIGIBLE,NOT_RUN
IMO-084,International Code for Ships Operating in Polar Waters (Polar Code),"Resolution MSC.385(94), adopted 21 Nov 2014; consolidated with MEPC.264(68), adopted 15 May 2015",27,9.3.2.1.4.1,Static,Stage 2 candidate - direct/deterministic,High,No,ELIGIBLE,NOT_RUN
IMO-085,International Code for Ships Operating in Polar Waters (Polar Code),"Resolution MSC.385(94), adopted 21 Nov 2014; consolidated with MEPC.264(68), adopted 15 May 2015",27,9.3.2.1.4.2,Static,Stage 2 candidate - direct/deterministic,High,No,ELIGIBLE,NOT_RUN
IMO-086,International Code for Ships Operating in Polar Waters (Polar Code),"Resolution MSC.385(94), adopted 21 Nov 2014; consolidated with MEPC.264(68), adopted 15 May 2015",27,9.3.2.2.1,Static,Stage 2 candidate - direct/deterministic,High,No,ELIGIBLE,NOT_RUN
IMO-087,International Code for Ships Operating in Polar Waters (Polar Code),"Resolution MSC.385(94), adopted 21 Nov 2014; consolidated with MEPC.264(68), adopted 15 May 2015",27,9.3.2.2.2,Static,Stage 2 candidate - direct/deterministic,High,No,ELIGIBLE,NOT_RUN
IMO-088,International Code for Ships Operating in Polar Waters (Polar Code),"Resolution MSC.385(94), adopted 21 Nov 2014; consolidated with MEPC.264(68), adopted 15 May 2015",27,9.3.3.1,Static,Stage 2 candidate - direct/deterministic,High,No,ELIGIBLE,NOT_RUN
IMO-089,International Code for Ships Operating in Polar Waters (Polar Code),"Resolution MSC.385(94), adopted 21 Nov 2014; consolidated with MEPC.264(68), adopted 15 May 2015",27,9.3.3.2,Static,Stage 2 candidate - direct/deterministic,High,No,ELIGIBLE,NOT_RUN
IMO-090,International Code for Ships Operating in Polar Waters (Polar Code),"Resolution MSC.385(94), adopted 21 Nov 2014; consolidated with MEPC.264(68), adopted 15 May 2015",28,10.2.1.1,Dynamic,Deferred - observation/history/simulation design required,Medium,No,DEFERRED,NOT_RUN
IMO-091,International Code for Ships Operating in Polar Waters (Polar Code),"Resolution MSC.385(94), adopted 21 Nov 2014; consolidated with MEPC.264(68), adopted 15 May 2015",28,10.2.1.3,Static,Stage 2 candidate - direct/deterministic,High,No,ELIGIBLE,NOT_RUN
IMO-092,International Code for Ships Operating in Polar Waters (Polar Code),"Resolution MSC.385(94), adopted 21 Nov 2014; consolidated with MEPC.264(68), adopted 15 May 2015",28,10.2.1.4,Static,Stage 2 candidate - direct/deterministic,High,No,ELIGIBLE,NOT_RUN
IMO-093,International Code for Ships Operating in Polar Waters (Polar Code),"Resolution MSC.385(94), adopted 21 Nov 2014; consolidated with MEPC.264(68), adopted 15 May 2015",28,10.2.2.3,Physical Test,Evidence-only - physical result not inferred by SHACL,Medium,No,DEFERRED,NOT_RUN
IMO-094,International Code for Ships Operating in Polar Waters (Polar Code),"Resolution MSC.385(94), adopted 21 Nov 2014; consolidated with MEPC.264(68), adopted 15 May 2015",28,10.3.1.2,Static,Stage 2 candidate - direct/deterministic,High,No,ELIGIBLE,NOT_RUN
IMO-095,International Code for Ships Operating in Polar Waters (Polar Code),"Resolution MSC.385(94), adopted 21 Nov 2014; consolidated with MEPC.264(68), adopted 15 May 2015",28,10.3.1.3,Static,Stage 2 candidate - direct/deterministic,High,No,ELIGIBLE,NOT_RUN
IMO-096,International Code for Ships Operating in Polar Waters (Polar Code),"Resolution MSC.385(94), adopted 21 Nov 2014; consolidated with MEPC.264(68), adopted 15 May 2015",28,10.3.1.4,Static,Stage 2 candidate - direct/deterministic,High,No,ELIGIBLE,NOT_RUN
IMO-097,International Code for Ships Operating in Polar Waters (Polar Code),"Resolution MSC.385(94), adopted 21 Nov 2014; consolidated with MEPC.264(68), adopted 15 May 2015",29,10.3.2.1,Static,Stage 2 candidate - direct/deterministic,High,No,ELIGIBLE,NOT_RUN
IMO-098,International Code for Ships Operating in Polar Waters (Polar Code),"Resolution MSC.385(94), adopted 21 Nov 2014; consolidated with MEPC.264(68), adopted 15 May 2015",29,10.3.2.2,Static,Stage 2 candidate - direct/deterministic,High,No,ELIGIBLE,NOT_RUN
IMO-099,International Code for Ships Operating in Polar Waters (Polar Code),"Resolution MSC.385(94), adopted 21 Nov 2014; consolidated with MEPC.264(68), adopted 15 May 2015",29,10.3.2.3,Complex,Deferred - composite/evidence workflow review,Medium,No,DEFERRED,NOT_RUN
IMO-100,International Code for Ships Operating in Polar Waters (Polar Code),"Resolution MSC.385(94), adopted 21 Nov 2014; consolidated with MEPC.264(68), adopted 15 May 2015",29,11.2,Complex,Deferred - composite/evidence workflow review,Medium,No,DEFERRED,NOT_RUN
IMO-101,International Code for Ships Operating in Polar Waters (Polar Code),"Resolution MSC.385(94), adopted 21 Nov 2014; consolidated with MEPC.264(68), adopted 15 May 2015",29-30,11.3.1-11.3.9,Complex,Deferred - composite/evidence workflow review,Medium,No,DEFERRED,NOT_RUN
IMO-102,International Code for Ships Operating in Polar Waters (Polar Code),"Resolution MSC.385(94), adopted 21 Nov 2014; consolidated with MEPC.264(68), adopted 15 May 2015",30,12.3.1,Static,Stage 2 candidate - direct/deterministic,High,No,ELIGIBLE,NOT_RUN
IMO-103,International Code for Ships Operating in Polar Waters (Polar Code),"Resolution MSC.385(94), adopted 21 Nov 2014; consolidated with MEPC.264(68), adopted 15 May 2015",31,12.3.2,Complex,Deferred - composite/evidence workflow review,Medium,No,DEFERRED,NOT_RUN
IMO-104,International Code for Ships Operating in Polar Waters (Polar Code),"Resolution MSC.385(94), adopted 21 Nov 2014; consolidated with MEPC.264(68), adopted 15 May 2015",31,12.3.4,Static,Stage 2 candidate - direct/deterministic,High,No,ELIGIBLE,NOT_RUN
IMO-105,International Code for Ships Operating in Polar Waters (Polar Code),"Resolution MSC.385(94), adopted 21 Nov 2014; consolidated with MEPC.264(68), adopted 15 May 2015",41,1.1.1,Static,Stage 2 candidate - direct/deterministic,High,No,ELIGIBLE,NOT_RUN
IMO-106,International Code for Ships Operating in Polar Waters (Polar Code),"Resolution MSC.385(94), adopted 21 Nov 2014; consolidated with MEPC.264(68), adopted 15 May 2015",41,1.1.2,Static,Stage 2 candidate - direct/deterministic,High,No,ELIGIBLE,NOT_RUN
IMO-107,International Code for Ships Operating in Polar Waters (Polar Code),"Resolution MSC.385(94), adopted 21 Nov 2014; consolidated with MEPC.264(68), adopted 15 May 2015",41,1.1.4,Static,Stage 2 candidate - direct/deterministic,High,No,ELIGIBLE,NOT_RUN
IMO-108,International Code for Ships Operating in Polar Waters (Polar Code),"Resolution MSC.385(94), adopted 21 Nov 2014; consolidated with MEPC.264(68), adopted 15 May 2015",41,1.2.1,Static Calculation,Stage 2 candidate - direct/deterministic,High,No,ELIGIBLE,NOT_RUN
IMO-109,International Code for Ships Operating in Polar Waters (Polar Code),"Resolution MSC.385(94), adopted 21 Nov 2014; consolidated with MEPC.264(68), adopted 15 May 2015",41,1.2.2,Static Calculation,Stage 2 candidate - direct/deterministic,High,No,ELIGIBLE,NOT_RUN
IMO-110,International Code for Ships Operating in Polar Waters (Polar Code),"Resolution MSC.385(94), adopted 21 Nov 2014; consolidated with MEPC.264(68), adopted 15 May 2015",41,1.2.3,Complex,Deferred - composite/evidence workflow review,Medium,No,DEFERRED,NOT_RUN
IMO-111,International Code for Ships Operating in Polar Waters (Polar Code),"Resolution MSC.385(94), adopted 21 Nov 2014; consolidated with MEPC.264(68), adopted 15 May 2015",41,1.2.4,Static Calculation,Stage 2 candidate - direct/deterministic,High,No,ELIGIBLE,NOT_RUN
IMO-112,International Code for Ships Operating in Polar Waters (Polar Code),"Resolution MSC.385(94), adopted 21 Nov 2014; consolidated with MEPC.264(68), adopted 15 May 2015",42,2.1.1,Static,Stage 2 candidate - direct/deterministic,High,No,ELIGIBLE,NOT_RUN
IMO-113,International Code for Ships Operating in Polar Waters (Polar Code),"Resolution MSC.385(94), adopted 21 Nov 2014; consolidated with MEPC.264(68), adopted 15 May 2015",42,2.1.2,Static,Stage 2 candidate - direct/deterministic,High,No,ELIGIBLE,NOT_RUN
IMO-114,International Code for Ships Operating in Polar Waters (Polar Code),"Resolution MSC.385(94), adopted 21 Nov 2014; consolidated with MEPC.264(68), adopted 15 May 2015",42,2.1.3,Complex,Deferred - composite/evidence workflow review,Medium,No,DEFERRED,NOT_RUN
IMO-115,International Code for Ships Operating in Polar Waters (Polar Code),"Resolution MSC.385(94), adopted 21 Nov 2014; consolidated with MEPC.264(68), adopted 15 May 2015",42,4.2.1.1,Static Calculation,Stage 2 candidate - direct/deterministic,High,No,ELIGIBLE,NOT_RUN
IMO-116,International Code for Ships Operating in Polar Waters (Polar Code),"Resolution MSC.385(94), adopted 21 Nov 2014; consolidated with MEPC.264(68), adopted 15 May 2015",42,4.2.1.2,Static Calculation,Stage 2 candidate - direct/deterministic,High,No,ELIGIBLE,NOT_RUN
IMO-117,International Code for Ships Operating in Polar Waters (Polar Code),"Resolution MSC.385(94), adopted 21 Nov 2014; consolidated with MEPC.264(68), adopted 15 May 2015",43,4.2.1.3,Complex,Deferred - composite/evidence workflow review,Medium,No,DEFERRED,NOT_RUN
IMO-118,International Code for Ships Operating in Polar Waters (Polar Code),"Resolution MSC.385(94), adopted 21 Nov 2014; consolidated with MEPC.264(68), adopted 15 May 2015",43,4.2.2,Static,Stage 2 candidate - direct/deterministic,High,No,ELIGIBLE,NOT_RUN
IMO-119,International Code for Ships Operating in Polar Waters (Polar Code),"Resolution MSC.385(94), adopted 21 Nov 2014; consolidated with MEPC.264(68), adopted 15 May 2015",43,4.2.3,Complex,Deferred - composite/evidence workflow review,Medium,No,DEFERRED,NOT_RUN
IMO-120,International Code for Ships Operating in Polar Waters (Polar Code),"Resolution MSC.385(94), adopted 21 Nov 2014; consolidated with MEPC.264(68), adopted 15 May 2015",43,5.2.1.1,Static Calculation,Stage 2 candidate - direct/deterministic,High,No,ELIGIBLE,NOT_RUN
IMO-121,International Code for Ships Operating in Polar Waters (Polar Code),"Resolution MSC.385(94), adopted 21 Nov 2014; consolidated with MEPC.264(68), adopted 15 May 2015",43,5.2.1.2,Static,Stage 2 candidate - direct/deterministic,High,No,ELIGIBLE,NOT_RUN
IMO-122,International Code for Ships Operating in Polar Waters (Polar Code),"Resolution MSC.385(94), adopted 21 Nov 2014; consolidated with MEPC.264(68), adopted 15 May 2015",43,5.2.1.3-.4,Static,Stage 2 candidate - direct/deterministic,High,No,ELIGIBLE,NOT_RUN
IMO-123,International Code for Ships Operating in Polar Waters (Polar Code),"Resolution MSC.385(94), adopted 21 Nov 2014; consolidated with MEPC.264(68), adopted 15 May 2015",43-44,5.2.1.5,Complex,Deferred - composite/evidence workflow review,Medium,No,DEFERRED,NOT_RUN
IMO-124,International Code for Ships Operating in Polar Waters (Polar Code),"Resolution MSC.385(94), adopted 21 Nov 2014; consolidated with MEPC.264(68), adopted 15 May 2015",44,5.2.2.1-.2,Static Calculation,Stage 2 candidate - direct/deterministic,High,No,ELIGIBLE,NOT_RUN
IMO-125,International Code for Ships Operating in Polar Waters (Polar Code),"Resolution MSC.385(94), adopted 21 Nov 2014; consolidated with MEPC.264(68), adopted 15 May 2015",44,5.2.3,Static,Stage 2 candidate - direct/deterministic,High,No,ELIGIBLE,NOT_RUN
IMO26-001,Polar Code January 2026 Supplement - Resolution MSC.538(107),January 2026 Supplement; effective 1 Jan 2026,1,Amendment 2,Static,Stage 2 candidate - direct/deterministic,High,No,ELIGIBLE,NOT_RUN
IMO26-002,Polar Code January 2026 Supplement - Resolution MSC.538(107),January 2026 Supplement; effective 1 Jan 2026,2,Chapter 9-1 applicability,Static,Stage 2 candidate - direct/deterministic,High,No,ELIGIBLE,NOT_RUN
IMO26-003,Polar Code January 2026 Supplement - Resolution MSC.538(107),January 2026 Supplement; effective 1 Jan 2026,2,9-1.2.1,Dynamic,Deferred - observation/history/simulation design required,Medium,No,DEFERRED,NOT_RUN
IMO26-004,Polar Code January 2026 Supplement - Resolution MSC.538(107),January 2026 Supplement; effective 1 Jan 2026,2,9-1.2.2.1,Physical Test,Evidence-only - physical result not inferred by SHACL,Medium,No,DEFERRED,NOT_RUN
IMO26-005,Polar Code January 2026 Supplement - Resolution MSC.538(107),January 2026 Supplement; effective 1 Jan 2026,2,9-1.2.2.2,Static,Stage 2 candidate - direct/deterministic,Medium,No,ELIGIBLE,NOT_RUN
IMO26-006,Polar Code January 2026 Supplement - Resolution MSC.538(107),January 2026 Supplement; effective 1 Jan 2026,3,9-1.3.1,Dynamic,Deferred - observation/history/simulation design required,Medium,No,DEFERRED,NOT_RUN
IMO26-007,Polar Code January 2026 Supplement - Resolution MSC.538(107),January 2026 Supplement; effective 1 Jan 2026,3,9-1.3.2.1.1,Complex,Deferred - composite/evidence workflow review,High,No,DEFERRED,NOT_RUN
IMO26-008,Polar Code January 2026 Supplement - Resolution MSC.538(107),January 2026 Supplement; effective 1 Jan 2026,3,9-1.3.2.1.2,Complex,Deferred - composite/evidence workflow review,Medium,No,DEFERRED,NOT_RUN
IMO26-009,Polar Code January 2026 Supplement - Resolution MSC.538(107),January 2026 Supplement; effective 1 Jan 2026,3,9-1.3.2.1.3,Static,Stage 2 candidate - direct/deterministic,High,No,ELIGIBLE,NOT_RUN
IMO26-010,Polar Code January 2026 Supplement - Resolution MSC.538(107),January 2026 Supplement; effective 1 Jan 2026,3,9-1.3.2.1.4.1,Static,Stage 2 candidate - direct/deterministic,High,No,ELIGIBLE,NOT_RUN
IMO26-011,Polar Code January 2026 Supplement - Resolution MSC.538(107),January 2026 Supplement; effective 1 Jan 2026,4,9-1.3.2.1.4.2,Complex,Deferred - composite/evidence workflow review,High,No,DEFERRED,NOT_RUN
IMO26-012,Polar Code January 2026 Supplement - Resolution MSC.538(107),January 2026 Supplement; effective 1 Jan 2026,4,9-1.3.2.2.1,Static,Stage 2 candidate - direct/deterministic,High,No,ELIGIBLE,NOT_RUN
IMO26-013,Polar Code January 2026 Supplement - Resolution MSC.538(107),January 2026 Supplement; effective 1 Jan 2026,4,9-1.3.2.2.2,Static,Stage 2 candidate - direct/deterministic,High,No,ELIGIBLE,NOT_RUN
IMO26-014,Polar Code January 2026 Supplement - Resolution MSC.538(107),January 2026 Supplement; effective 1 Jan 2026,4,9-1.3.3,Static,Stage 2 candidate - direct/deterministic,High,No,ELIGIBLE,NOT_RUN
IMO26-015,Polar Code January 2026 Supplement - Resolution MSC.538(107),January 2026 Supplement; effective 1 Jan 2026,5,Amendment 5,Static,Stage 2 candidate - direct/deterministic,High,No,ELIGIBLE,NOT_RUN
IMO26-016,Polar Code January 2026 Supplement - Resolution MSC.538(107),January 2026 Supplement; effective 1 Jan 2026,5,Chapter 11-1 applicability,Static,Stage 2 candidate - direct/deterministic,High,No,ELIGIBLE,NOT_RUN
IMO26-017,Polar Code January 2026 Supplement - Resolution MSC.538(107),January 2026 Supplement; effective 1 Jan 2026,5,11-1.2,Complex,Deferred - composite/evidence workflow review,Medium,No,DEFERRED,NOT_RUN
IMO26-018,Polar Code January 2026 Supplement - Resolution MSC.538(107),January 2026 Supplement; effective 1 Jan 2026,6,11-1.3.1-11-1.3.9,Complex,Deferred - composite/evidence workflow review,Medium,No,DEFERRED,NOT_RUN
TRF-001,Ice Class Regulations and the Application Thereof,TRAFICOM/68863/03.04.01.00/2021,5,1.1,Static,Stage 2 candidate - direct/deterministic,High,No,ELIGIBLE,NOT_RUN
TRF-002,Ice Class Regulations and the Application Thereof,TRAFICOM/68863/03.04.01.00/2021,5,1.2,Static,Stage 2 candidate - direct/deterministic,High,No,ELIGIBLE,NOT_RUN
TRF-003,Ice Class Regulations and the Application Thereof,TRAFICOM/68863/03.04.01.00/2021,5,1.3,Static,Stage 2 candidate - direct/deterministic,High,No,ELIGIBLE,NOT_RUN
TRF-004,Ice Class Regulations and the Application Thereof,TRAFICOM/68863/03.04.01.00/2021,5,1.4,Static,Stage 2 candidate - direct/deterministic,Medium,No,ELIGIBLE,NOT_RUN
TRF-005,Ice Class Regulations and the Application Thereof,TRAFICOM/68863/03.04.01.00/2021,5,1.5,Static,Stage 2 candidate - direct/deterministic,Medium,No,ELIGIBLE,NOT_RUN
TRF-006,Ice Class Regulations and the Application Thereof,TRAFICOM/68863/03.04.01.00/2021,5,1.6,Static,Stage 2 candidate - direct/deterministic,High,No,ELIGIBLE,NOT_RUN
TRF-007,Ice Class Regulations and the Application Thereof,TRAFICOM/68863/03.04.01.00/2021,5,1.6,Static,Stage 2 candidate - direct/deterministic,High,No,ELIGIBLE,NOT_RUN
TRF-009,Ice Class Regulations and the Application Thereof,TRAFICOM/68863/03.04.01.00/2021,6,1.7,Static,Stage 2 candidate - direct/deterministic,High,No,ELIGIBLE,NOT_RUN
TRF-010,Ice Class Regulations and the Application Thereof,TRAFICOM/68863/03.04.01.00/2021,6,1.8,Static,Stage 2 candidate - direct/deterministic,High,No,ELIGIBLE,NOT_RUN
TRF-011,Ice Class Regulations and the Application Thereof,TRAFICOM/68863/03.04.01.00/2021,6,2.1,Static,Stage 2 candidate - direct/deterministic,High,No,ELIGIBLE,NOT_RUN
TRF-012,Ice Class Regulations and the Application Thereof,TRAFICOM/68863/03.04.01.00/2021,6,2.1,Static,Stage 2 candidate - direct/deterministic,High,No,ELIGIBLE,NOT_RUN
TRF-013,Ice Class Regulations and the Application Thereof,TRAFICOM/68863/03.04.01.00/2021,7,2.2,Static,Stage 2 candidate - direct/deterministic,High,No,ELIGIBLE,NOT_RUN
TRF-014,Ice Class Regulations and the Application Thereof,TRAFICOM/68863/03.04.01.00/2021,7,2.2,Static,Stage 2 candidate - direct/deterministic,High,No,ELIGIBLE,NOT_RUN
TRF-015,Ice Class Regulations and the Application Thereof,TRAFICOM/68863/03.04.01.00/2021,7,2.2,Static,Stage 2 candidate - direct/deterministic,High,No,ELIGIBLE,NOT_RUN
TRF-016,Ice Class Regulations and the Application Thereof,TRAFICOM/68863/03.04.01.00/2021,7,2.2,Static Calculation,Stage 2 candidate - direct/deterministic,High,No,ELIGIBLE,NOT_RUN
TRF-017,Ice Class Regulations and the Application Thereof,TRAFICOM/68863/03.04.01.00/2021,7,3.1,Static,Stage 2 candidate - direct/deterministic,High,No,ELIGIBLE,NOT_RUN
TRF-018,Ice Class Regulations and the Application Thereof,TRAFICOM/68863/03.04.01.00/2021,8,3.2,Static Calculation,Stage 2 candidate - direct/deterministic,High,No,ELIGIBLE,NOT_RUN
TRF-020,Ice Class Regulations and the Application Thereof,TRAFICOM/68863/03.04.01.00/2021,8-9,3.2.2,Static Calculation,Stage 2 candidate - direct/deterministic,Medium,No,ELIGIBLE,NOT_RUN
TRF-022,Ice Class Regulations and the Application Thereof,TRAFICOM/68863/03.04.01.00/2021,10,3.2.2,Static Calculation,Stage 2 candidate - direct/deterministic,Medium,No,ELIGIBLE,NOT_RUN
TRF-023,Ice Class Regulations and the Application Thereof,TRAFICOM/68863/03.04.01.00/2021,10,3.2.3,Static,Stage 2 candidate - direct/deterministic,High,No,ELIGIBLE,NOT_RUN
TRF-024,Ice Class Regulations and the Application Thereof,TRAFICOM/68863/03.04.01.00/2021,10,3.2.4,Static,Stage 2 candidate - direct/deterministic,High,No,ELIGIBLE,NOT_RUN
TRF-025,Ice Class Regulations and the Application Thereof,TRAFICOM/68863/03.04.01.00/2021,10,3.2.4,Static Calculation,Stage 2 candidate - direct/deterministic,High,No,ELIGIBLE,NOT_RUN
TRF-026,Ice Class Regulations and the Application Thereof,TRAFICOM/68863/03.04.01.00/2021,11,3.2.4,Static Calculation,Stage 2 candidate - direct/deterministic,High,No,ELIGIBLE,NOT_RUN
TRF-027,Ice Class Regulations and the Application Thereof,TRAFICOM/68863/03.04.01.00/2021,11,3.2.4,Static Calculation,Stage 2 candidate - direct/deterministic,Medium,No,ELIGIBLE,NOT_RUN
TRF-028,Ice Class Regulations and the Application Thereof,TRAFICOM/68863/03.04.01.00/2021,11,3.2.5,Physical Test,Evidence-only - physical result not inferred by SHACL,Medium,No,DEFERRED,NOT_RUN
TRF-029,Ice Class Regulations and the Application Thereof,TRAFICOM/68863/03.04.01.00/2021,12,4.1,Complex,Deferred - composite/evidence workflow review,Medium,No,DEFERRED,NOT_RUN
TRF-030,Ice Class Regulations and the Application Thereof,TRAFICOM/68863/03.04.01.00/2021,12,4.1,Static Calculation,Stage 2 candidate - direct/deterministic,High,No,ELIGIBLE,VOCABULARY_GAP
TRF-031,Ice Class Regulations and the Application Thereof,TRAFICOM/68863/03.04.01.00/2021,12,4.1,Static Calculation,Stage 2 candidate - direct/deterministic,Medium,No,ELIGIBLE,NOT_RUN
TRF-032,Ice Class Regulations and the Application Thereof,TRAFICOM/68863/03.04.01.00/2021,12,4.1,Static,Stage 2 candidate - direct/deterministic,Medium,No,ELIGIBLE,NOT_RUN
TRF-034,Ice Class Regulations and the Application Thereof,TRAFICOM/68863/03.04.01.00/2021,13,4.1,Static Calculation,Stage 2 candidate - direct/deterministic,Medium,No,ELIGIBLE,NOT_RUN
TRF-035,Ice Class Regulations and the Application Thereof,TRAFICOM/68863/03.04.01.00/2021,13,4.1.1,Static,Stage 2 candidate - direct/deterministic,Medium,No,ELIGIBLE,NOT_RUN
TRF-036,Ice Class Regulations and the Application Thereof,TRAFICOM/68863/03.04.01.00/2021,14,4.2.1,Static Calculation,Stage 2 candidate - direct/deterministic,Medium,No,ELIGIBLE,NOT_RUN
TRF-037,Ice Class Regulations and the Application Thereof,TRAFICOM/68863/03.04.01.00/2021,14,4.2.2,Static Calculation,Stage 2 candidate - direct/deterministic,Medium,No,ELIGIBLE,NOT_RUN
TRF-039,Ice Class Regulations and the Application Thereof,TRAFICOM/68863/03.04.01.00/2021,15,4.2.2,Complex,Deferred - composite/evidence workflow review,Medium,No,DEFERRED,NOT_RUN
TRF-040,Ice Class Regulations and the Application Thereof,TRAFICOM/68863/03.04.01.00/2021,16,4.3.1,Complex,Deferred - composite/evidence workflow review,Medium,No,DEFERRED,NOT_RUN
TRF-041,Ice Class Regulations and the Application Thereof,TRAFICOM/68863/03.04.01.00/2021,17,4.3.2,Static Calculation,Stage 2 candidate - direct/deterministic,High,No,ELIGIBLE,NOT_RUN
TRF-042,Ice Class Regulations and the Application Thereof,TRAFICOM/68863/03.04.01.00/2021,17,4.3.2,Static Calculation,Stage 2 candidate - direct/deterministic,Medium,No,ELIGIBLE,NOT_RUN
TRF-043,Ice Class Regulations and the Application Thereof,TRAFICOM/68863/03.04.01.00/2021,18,4.4.1,Static,Stage 2 candidate - direct/deterministic,Medium,No,ELIGIBLE,NOT_RUN
TRF-044,Ice Class Regulations and the Application Thereof,TRAFICOM/68863/03.04.01.00/2021,18-19,4.4.2.1,Static Calculation,Stage 2 candidate - direct/deterministic,Medium,No,ELIGIBLE,NOT_RUN
TRF-045,Ice Class Regulations and the Application Thereof,TRAFICOM/68863/03.04.01.00/2021,19,4.4.2.1,Static,Stage 2 candidate - direct/deterministic,High,No,ELIGIBLE,NOT_RUN
TRF-046,Ice Class Regulations and the Application Thereof,TRAFICOM/68863/03.04.01.00/2021,19,4.4.2.2,Static,Stage 2 candidate - direct/deterministic,Medium,No,ELIGIBLE,NOT_RUN
TRF-047,Ice Class Regulations and the Application Thereof,TRAFICOM/68863/03.04.01.00/2021,20,4.4.2.3,Static,Stage 2 candidate - direct/deterministic,High,No,ELIGIBLE,NOT_RUN
TRF-048,Ice Class Regulations and the Application Thereof,TRAFICOM/68863/03.04.01.00/2021,20,4.4.3,Static Calculation,Stage 2 candidate - direct/deterministic,High,No,ELIGIBLE,NOT_RUN
TRF-049,Ice Class Regulations and the Application Thereof,TRAFICOM/68863/03.04.01.00/2021,21,4.4.4.1,Static Calculation,Stage 2 candidate - direct/deterministic,High,No,ELIGIBLE,NOT_RUN
TRF-050,Ice Class Regulations and the Application Thereof,TRAFICOM/68863/03.04.01.00/2021,21,4.4.4.2,Static,Stage 2 candidate - direct/deterministic,High,No,ELIGIBLE,NOT_RUN
TRF-051,Ice Class Regulations and the Application Thereof,TRAFICOM/68863/03.04.01.00/2021,21,4.4.4.2,Static Calculation,Stage 2 candidate - direct/deterministic,Medium,No,ELIGIBLE,NOT_RUN
TRF-052,Ice Class Regulations and the Application Thereof,TRAFICOM/68863/03.04.01.00/2021,21,4.4.4.2,Static,Stage 2 candidate - direct/deterministic,High,No,ELIGIBLE,NOT_RUN
TRF-053,Ice Class Regulations and the Application Thereof,TRAFICOM/68863/03.04.01.00/2021,21-22,4.5.1,Static Calculation,Stage 2 candidate - direct/deterministic,High,No,ELIGIBLE,NOT_RUN
TRF-054,Ice Class Regulations and the Application Thereof,TRAFICOM/68863/03.04.01.00/2021,22-23,4.5.2,Static Calculation,Stage 2 candidate - direct/deterministic,High,No,ELIGIBLE,NOT_RUN
TRF-055,Ice Class Regulations and the Application Thereof,TRAFICOM/68863/03.04.01.00/2021,23,4.5.3,Static Calculation,Stage 2 candidate - direct/deterministic,Medium,No,ELIGIBLE,NOT_RUN
TRF-056,Ice Class Regulations and the Application Thereof,TRAFICOM/68863/03.04.01.00/2021,23,4.5.3,Static Calculation,Stage 2 candidate - direct/deterministic,High,No,ELIGIBLE,NOT_RUN
TRF-057,Ice Class Regulations and the Application Thereof,TRAFICOM/68863/03.04.01.00/2021,23,4.6.1,Static Calculation,Stage 2 candidate - direct/deterministic,Medium,No,ELIGIBLE,NOT_RUN
TRF-058,Ice Class Regulations and the Application Thereof,TRAFICOM/68863/03.04.01.00/2021,23,4.6.1,Static Calculation,Stage 2 candidate - direct/deterministic,High,No,ELIGIBLE,NOT_RUN
TRF-059,Ice Class Regulations and the Application Thereof,TRAFICOM/68863/03.04.01.00/2021,23,4.6.2,Static Calculation,Stage 2 candidate - direct/deterministic,High,No,ELIGIBLE,NOT_RUN
TRF-060,Ice Class Regulations and the Application Thereof,TRAFICOM/68863/03.04.01.00/2021,24,4.6.2,Static Calculation,Stage 2 candidate - direct/deterministic,Medium,No,ELIGIBLE,NOT_RUN
TRF-061,Ice Class Regulations and the Application Thereof,TRAFICOM/68863/03.04.01.00/2021,25,4.7,Complex,Deferred - composite/evidence workflow review,Medium,No,DEFERRED,NOT_RUN
TRF-062,Ice Class Regulations and the Application Thereof,TRAFICOM/68863/03.04.01.00/2021,25,4.8,Static,Stage 2 candidate - direct/deterministic,High,No,ELIGIBLE,NOT_RUN
TRF-063,Ice Class Regulations and the Application Thereof,TRAFICOM/68863/03.04.01.00/2021,25,4.8,Static,Stage 2 candidate - direct/deterministic,High,No,ELIGIBLE,NOT_RUN
TRF-064,Ice Class Regulations and the Application Thereof,TRAFICOM/68863/03.04.01.00/2021,26,4.8,Static,Stage 2 candidate - direct/deterministic,High,No,ELIGIBLE,NOT_RUN
TRF-065,Ice Class Regulations and the Application Thereof,TRAFICOM/68863/03.04.01.00/2021,26,5,Complex,Deferred - composite/evidence workflow review,Medium,No,DEFERRED,NOT_RUN
TRF-066,Ice Class Regulations and the Application Thereof,TRAFICOM/68863/03.04.01.00/2021,26,5,Static,Stage 2 candidate - direct/deterministic,High,No,ELIGIBLE,NOT_RUN
TRF-067,Ice Class Regulations and the Application Thereof,TRAFICOM/68863/03.04.01.00/2021,26,5,Static,Stage 2 candidate - direct/deterministic,High,No,ELIGIBLE,NOT_RUN
TRF-068,Ice Class Regulations and the Application Thereof,TRAFICOM/68863/03.04.01.00/2021,26,5,Complex,Deferred - composite/evidence workflow review,High,No,DEFERRED,NOT_RUN
TRF-069,Ice Class Regulations and the Application Thereof,TRAFICOM/68863/03.04.01.00/2021,26,6.1,Static,Stage 2 candidate - direct/deterministic,High,No,ELIGIBLE,NOT_RUN
TRF-070,Ice Class Regulations and the Application Thereof,TRAFICOM/68863/03.04.01.00/2021,26-27,6.1,Static Calculation,Stage 2 candidate - direct/deterministic,High,No,ELIGIBLE,NOT_RUN
TRF-072,Ice Class Regulations and the Application Thereof,TRAFICOM/68863/03.04.01.00/2021,31,6.4.1,Physical Test,Evidence-only - physical result not inferred by SHACL,High,No,DEFERRED,NOT_RUN
TRF-073,Ice Class Regulations and the Application Thereof,TRAFICOM/68863/03.04.01.00/2021,31,6.4.2,Physical Test,Evidence-only - physical result not inferred by SHACL,High,No,DEFERRED,NOT_RUN
TRF-074,Ice Class Regulations and the Application Thereof,TRAFICOM/68863/03.04.01.00/2021,32,6.5,Static,Stage 2 candidate - direct/deterministic,High,No,ELIGIBLE,NOT_RUN
TRF-075,Ice Class Regulations and the Application Thereof,TRAFICOM/68863/03.04.01.00/2021,32,6.5.1,Complex,Deferred - composite/evidence workflow review,Medium,No,DEFERRED,NOT_RUN
TRF-076,Ice Class Regulations and the Application Thereof,TRAFICOM/68863/03.04.01.00/2021,32,6.5.1.3,Static,Stage 2 candidate - direct/deterministic,Medium,No,ELIGIBLE,NOT_RUN
TRF-077,Ice Class Regulations and the Application Thereof,TRAFICOM/68863/03.04.01.00/2021,36,6.5.1.8,Static Calculation,Stage 2 candidate - direct/deterministic,High,No,ELIGIBLE,NOT_RUN
TRF-078,Ice Class Regulations and the Application Thereof,TRAFICOM/68863/03.04.01.00/2021,36,6.5.1.9,Static Calculation,Stage 2 candidate - direct/deterministic,Medium,No,ELIGIBLE,NOT_RUN
TRF-079,Ice Class Regulations and the Application Thereof,TRAFICOM/68863/03.04.01.00/2021,37,6.5.1.9,Static Calculation,Stage 2 candidate - direct/deterministic,Medium,No,ELIGIBLE,NOT_RUN
TRF-080,Ice Class Regulations and the Application Thereof,TRAFICOM/68863/03.04.01.00/2021,37,6.5.1.9,Static,Stage 2 candidate - direct/deterministic,High,No,ELIGIBLE,NOT_RUN
TRF-081,Ice Class Regulations and the Application Thereof,TRAFICOM/68863/03.04.01.00/2021,37,6.5.2.1-6.5.2.2,Static Calculation,Stage 2 candidate - direct/deterministic,High,No,ELIGIBLE,NOT_RUN
TRF-082,Ice Class Regulations and the Application Thereof,TRAFICOM/68863/03.04.01.00/2021,37,6.5.2.2,Static,Stage 2 candidate - direct/deterministic,Medium,No,ELIGIBLE,NOT_RUN
TRF-083,Ice Class Regulations and the Application Thereof,TRAFICOM/68863/03.04.01.00/2021,38,6.5.3.1,Static,Stage 2 candidate - direct/deterministic,Medium,No,ELIGIBLE,NOT_RUN
TRF-084,Ice Class Regulations and the Application Thereof,TRAFICOM/68863/03.04.01.00/2021,38,6.5.3.1,Static,Stage 2 candidate - direct/deterministic,High,No,ELIGIBLE,NOT_RUN
TRF-085,Ice Class Regulations and the Application Thereof,TRAFICOM/68863/03.04.01.00/2021,39,6.5.3.2,Static,Stage 2 candidate - direct/deterministic,Medium,No,ELIGIBLE,NOT_RUN
TRF-086,Ice Class Regulations and the Application Thereof,TRAFICOM/68863/03.04.01.00/2021,39,6.5.3.2,Static,Stage 2 candidate - direct/deterministic,High,No,ELIGIBLE,NOT_RUN
TRF-087,Ice Class Regulations and the Application Thereof,TRAFICOM/68863/03.04.01.00/2021,39,6.5.3.3,Static,Stage 2 candidate - direct/deterministic,High,No,ELIGIBLE,NOT_RUN
TRF-088,Ice Class Regulations and the Application Thereof,TRAFICOM/68863/03.04.01.00/2021,39,6.5.3.3,Static Calculation,Stage 2 candidate - direct/deterministic,Medium,No,ELIGIBLE,NOT_RUN
TRF-089,Ice Class Regulations and the Application Thereof,TRAFICOM/68863/03.04.01.00/2021,39,6.5.3.4,Dynamic,Deferred - observation/history/simulation design required,Medium,No,DEFERRED,NOT_RUN
TRF-090,Ice Class Regulations and the Application Thereof,TRAFICOM/68863/03.04.01.00/2021,40,6.5.3.4,Dynamic,Deferred - observation/history/simulation design required,Medium,No,DEFERRED,NOT_RUN
TRF-091,Ice Class Regulations and the Application Thereof,TRAFICOM/68863/03.04.01.00/2021,40,6.5.3.4,Static,Stage 2 candidate - direct/deterministic,High,No,ELIGIBLE,NOT_RUN
TRF-092,Ice Class Regulations and the Application Thereof,TRAFICOM/68863/03.04.01.00/2021,40,6.5.3.4,Complex,Deferred - composite/evidence workflow review,Medium,No,DEFERRED,NOT_RUN
TRF-093,Ice Class Regulations and the Application Thereof,TRAFICOM/68863/03.04.01.00/2021,40,6.5.3.4,Dynamic,Deferred - observation/history/simulation design required,Medium,No,DEFERRED,NOT_RUN
TRF-094,Ice Class Regulations and the Application Thereof,TRAFICOM/68863/03.04.01.00/2021,40,6.5.3.4,Dynamic,Deferred - observation/history/simulation design required,Medium,No,DEFERRED,NOT_RUN
TRF-095,Ice Class Regulations and the Application Thereof,TRAFICOM/68863/03.04.01.00/2021,40,6.5.3.4,Dynamic,Deferred - observation/history/simulation design required,Medium,No,DEFERRED,NOT_RUN
TRF-096,Ice Class Regulations and the Application Thereof,TRAFICOM/68863/03.04.01.00/2021,41,6.5.3.4,Static Calculation,Stage 2 candidate - direct/deterministic,High,No,ELIGIBLE,NOT_RUN
TRF-097,Ice Class Regulations and the Application Thereof,TRAFICOM/68863/03.04.01.00/2021,43-44,6.5.3.4,Dynamic,Deferred - observation/history/simulation design required,Medium,No,DEFERRED,NOT_RUN
TRF-098,Ice Class Regulations and the Application Thereof,TRAFICOM/68863/03.04.01.00/2021,44,6.5.3.4,Dynamic,Deferred - observation/history/simulation design required,Medium,No,DEFERRED,NOT_RUN
TRF-099,Ice Class Regulations and the Application Thereof,TRAFICOM/68863/03.04.01.00/2021,45,6.5.3.4,Dynamic,Deferred - observation/history/simulation design required,Medium,No,DEFERRED,NOT_RUN
TRF-100,Ice Class Regulations and the Application Thereof,TRAFICOM/68863/03.04.01.00/2021,45,6.5.3.4,Dynamic,Deferred - observation/history/simulation design required,Medium,No,DEFERRED,NOT_RUN
TRF-101,Ice Class Regulations and the Application Thereof,TRAFICOM/68863/03.04.01.00/2021,45-46,6.5.4.1,Static Calculation,Stage 2 candidate - direct/deterministic,Medium,No,ELIGIBLE,NOT_RUN
TRF-102,Ice Class Regulations and the Application Thereof,TRAFICOM/68863/03.04.01.00/2021,46,6.5.4.2,Static Calculation,Stage 2 candidate - direct/deterministic,Medium,No,ELIGIBLE,NOT_RUN
TRF-103,Ice Class Regulations and the Application Thereof,TRAFICOM/68863/03.04.01.00/2021,46,6.5.4.2,Complex,Deferred - composite/evidence workflow review,Medium,No,DEFERRED,NOT_RUN
TRF-104,Ice Class Regulations and the Application Thereof,TRAFICOM/68863/03.04.01.00/2021,47,6.6.1,Static,Stage 2 candidate - direct/deterministic,High,No,ELIGIBLE,NOT_RUN
TRF-105,Ice Class Regulations and the Application Thereof,TRAFICOM/68863/03.04.01.00/2021,47,6.6.2.1,Complex,Deferred - composite/evidence workflow review,Medium,No,DEFERRED,NOT_RUN
TRF-106,Ice Class Regulations and the Application Thereof,TRAFICOM/68863/03.04.01.00/2021,48,6.6.2.2-6.6.2.3,Complex,Deferred - composite/evidence workflow review,Medium,No,DEFERRED,NOT_RUN
TRF-108,Ice Class Regulations and the Application Thereof,TRAFICOM/68863/03.04.01.00/2021,48,6.6.2.3,Static,Stage 2 candidate - direct/deterministic,High,No,ELIGIBLE,NOT_RUN
TRF-109,Ice Class Regulations and the Application Thereof,TRAFICOM/68863/03.04.01.00/2021,50,6.6.2.3,Static,Stage 2 candidate - direct/deterministic,Medium,No,ELIGIBLE,NOT_RUN
TRF-110,Ice Class Regulations and the Application Thereof,TRAFICOM/68863/03.04.01.00/2021,51,6.6.2.4; 6.6.3,Complex,Deferred - composite/evidence workflow review,Medium,No,DEFERRED,NOT_RUN
TRF-111,Ice Class Regulations and the Application Thereof,TRAFICOM/68863/03.04.01.00/2021,51,6.6.4,Static Calculation,Stage 2 candidate - direct/deterministic,High,No,ELIGIBLE,NOT_RUN
TRF-112,Ice Class Regulations and the Application Thereof,TRAFICOM/68863/03.04.01.00/2021,52,6.6.4.1,Static Calculation,Stage 2 candidate - direct/deterministic,High,No,ELIGIBLE,NOT_RUN
TRF-113,Ice Class Regulations and the Application Thereof,TRAFICOM/68863/03.04.01.00/2021,52,6.6.5.1,Static,Stage 2 candidate - direct/deterministic,High,No,ELIGIBLE,NOT_RUN
TRF-114,Ice Class Regulations and the Application Thereof,TRAFICOM/68863/03.04.01.00/2021,53,6.6.5.2,Static,Stage 2 candidate - direct/deterministic,Medium,No,ELIGIBLE,NOT_RUN
TRF-116,Ice Class Regulations and the Application Thereof,TRAFICOM/68863/03.04.01.00/2021,56,6.6.5.2,Static Calculation,Stage 2 candidate - direct/deterministic,High,No,ELIGIBLE,NOT_RUN
TRF-118,Ice Class Regulations and the Application Thereof,TRAFICOM/68863/03.04.01.00/2021,60,6.6.5.4,Static Calculation,Stage 2 candidate - direct/deterministic,High,No,ELIGIBLE,NOT_RUN
TRF-119,Ice Class Regulations and the Application Thereof,TRAFICOM/68863/03.04.01.00/2021,60,6.6.5.5,Dynamic,Deferred - observation/history/simulation design required,Medium,No,DEFERRED,NOT_RUN
TRF-120,Ice Class Regulations and the Application Thereof,TRAFICOM/68863/03.04.01.00/2021,60,6.6.5.5,Static,Stage 2 candidate - direct/deterministic,High,No,ELIGIBLE,NOT_RUN
TRF-121,Ice Class Regulations and the Application Thereof,TRAFICOM/68863/03.04.01.00/2021,61,6.7.1,Complex,Deferred - composite/evidence workflow review,Medium,No,DEFERRED,NOT_RUN
TRF-123,Ice Class Regulations and the Application Thereof,TRAFICOM/68863/03.04.01.00/2021,61,6.7.3,Static Calculation,Stage 2 candidate - direct/deterministic,Medium,No,ELIGIBLE,NOT_RUN
TRF-125,Ice Class Regulations and the Application Thereof,TRAFICOM/68863/03.04.01.00/2021,61,6.7.3,Dynamic,Deferred - observation/history/simulation design required,Medium,No,DEFERRED,NOT_RUN
TRF-126,Ice Class Regulations and the Application Thereof,TRAFICOM/68863/03.04.01.00/2021,61,7.1,Static,Stage 2 candidate - direct/deterministic,High,No,ELIGIBLE,NOT_RUN
TRF-127,Ice Class Regulations and the Application Thereof,TRAFICOM/68863/03.04.01.00/2021,61,7.1,Static,Stage 2 candidate - direct/deterministic,High,No,ELIGIBLE,NOT_RUN
TRF-128,Ice Class Regulations and the Application Thereof,TRAFICOM/68863/03.04.01.00/2021,61,7.1,Static Calculation,Stage 2 candidate - direct/deterministic,High,No,ELIGIBLE,NOT_RUN
TRF-129,Ice Class Regulations and the Application Thereof,TRAFICOM/68863/03.04.01.00/2021,61,7.2,Static,Stage 2 candidate - direct/deterministic,High,No,ELIGIBLE,NOT_RUN
TRF-130,Ice Class Regulations and the Application Thereof,TRAFICOM/68863/03.04.01.00/2021,62,7.2,Static,Stage 2 candidate - direct/deterministic,High,No,ELIGIBLE,NOT_RUN
TRF-131,Ice Class Regulations and the Application Thereof,TRAFICOM/68863/03.04.01.00/2021,62,7.2,Static,Stage 2 candidate - direct/deterministic,High,No,ELIGIBLE,NOT_RUN
TRF-132,Ice Class Regulations and the Application Thereof,TRAFICOM/68863/03.04.01.00/2021,64,8,Static Calculation,Stage 2 candidate - direct/deterministic,High,No,ELIGIBLE,NOT_RUN
TRF-133,Ice Class Regulations and the Application Thereof,TRAFICOM/68863/03.04.01.00/2021,65,8,Static,Stage 2 candidate - direct/deterministic,High,No,ELIGIBLE,NOT_RUN
