SESSION_ID,RUN_ID,REQUIREMENT_ID,STARTED_UTC,FINISHED_UTC,PIPELINE_VERSION,VOCABULARY_LOCK_ID,ATTEMPTS,FINAL_STATUS,ACCEPTED,FINAL_SHAPE,FINAL_FEEDBACK
SESSION-BATCH-20260827T115441378164Z,RUN-TRF-009-20260827T152132268910Z,TRF-009,2026-08-27T15:21:32.270Z,2026-08-27T15:24:10.907Z,final-luna-main-run01,VOCAB-LOCK-2026-08-22-R13,3,GENERATION_ACCEPTED,True,final/final_shape.ttl,"The candidate faithfully encodes the conditional IA/IA Super applicability, requires a valid construction-stage date for applicable ships, applies the pre-1-September-2003 branch only when appropriate, enforces the allowed 2017 methods, and checks the inclusive assessment deadline using the delivery year. Owners, canonical terms, datatypes, and units are correct."
