EVENT_ID,RUN_ID,REQUIREMENT_ID,TIMESTAMP_UTC,ROLE,MODEL,TRANSPORT_ATTEMPT,STATUS,AUTH_HEADER_NAME,RATE_LIMIT_WAIT_MS,ELAPSED_MS,RETRYING,RESPONSE_ID,INPUT_TOKENS,OUTPUT_TOKENS,TOTAL_TOKENS
EVT-000037,RUN-TRF-049-20260901T132217605857Z,TRF-049,2026-09-01T13:23:13.353Z,generator,gpt-5.6-luna-2026-07-09,1,200,Ocp-Apim-Subscription-Key,0.0,55742.91,False,,,,
EVT-000038,RUN-TRF-049-20260901T132217605857Z,TRF-049,2026-09-01T13:23:13.355Z,generator,gpt-5.6-luna-2026-07-09,1,COMPLETED,,0,55744.476,False,resp_0a782fc597b71813006a96d189cf8c8193a2108579054c165b,12805,4759,17564
