RUN_ID,REQUIREMENT_ID,LOCAL_NAME,IRI,KIND,DATATYPE,RANGE,RECOMMENDED_UNIT,SELECTION_REASON,ITERATION_ADDED
RUN-TRF-059-20260830T113538774937Z,TRF-059,benchmarkEntity,https://w3id.org/nltl/vocab#benchmarkEntity,Class,,,,baseline target infrastructure; domain dependency of requiredShearArea; domain dependency of yieldStrength,0
RUN-TRF-059-20260830T113538774937Z,TRF-059,freeFlangeArea,https://w3id.org/nltl/vocab#freeFlangeArea,QuantityProperty,,http://qudt.org/schema/qudt/QuantityValue,http://qudt.org/vocab/unit/CentiM2,linked by the locked 313-requirement index,0
RUN-TRF-059-20260830T113538774937Z,TRF-059,freeFlangeToWebAreaRatio,https://w3id.org/nltl/vocab#freeFlangeToWebAreaRatio,QuantityProperty,,http://qudt.org/schema/qudt/QuantityValue,http://qudt.org/vocab/unit/UNITLESS,linked by the locked 313-requirement index,0
RUN-TRF-059-20260830T113538774937Z,TRF-059,hasComponent,https://w3id.org/nltl/vocab#hasComponent,ObjectProperty,,https://w3id.org/nltl/vocab#shipComponent,,component-path dependency inferred from the linked term module,0
RUN-TRF-059-20260830T113538774937Z,TRF-059,maximumCalculatedShearForce,https://w3id.org/nltl/vocab#maximumCalculatedShearForce,QuantityProperty,,http://qudt.org/schema/qudt/QuantityValue,http://qudt.org/vocab/unit/KiloN,linked by the locked 313-requirement index,0
RUN-TRF-059-20260830T113538774937Z,TRF-059,requiredShearArea,https://w3id.org/nltl/vocab#requiredShearArea,QuantityProperty,,http://qudt.org/schema/qudt/QuantityValue,http://qudt.org/vocab/unit/CentiM2,linked by the locked 313-requirement index,0
RUN-TRF-059-20260830T113538774937Z,TRF-059,ship,https://w3id.org/nltl/vocab#ship,Class,,,,baseline target infrastructure,0
RUN-TRF-059-20260830T113538774937Z,TRF-059,shipComponent,https://w3id.org/nltl/vocab#shipComponent,Class,,,,component-path dependency inferred from the linked term module,0
RUN-TRF-059-20260830T113538774937Z,TRF-059,webFrame,https://w3id.org/nltl/vocab#webFrame,Class,,https://w3id.org/nltl/vocab#hullStructure,,authoritative required owner class; authoritative requirement target owner; domain dependency of freeFlangeArea; domain dependency of freeFlangeToWebAreaRatio; domain dependency of maximumCalculatedShearForce; domain dependency of webFrameShearDistributionFactorF13; domain dependency of webFrameShearFactorAlpha; domain dependency of webPlateArea,0
RUN-TRF-059-20260830T113538774937Z,TRF-059,webFrameShearDistributionFactorF13,https://w3id.org/nltl/vocab#webFrameShearDistributionFactorF13,QuantityProperty,,http://qudt.org/schema/qudt/QuantityValue,http://qudt.org/vocab/unit/UNITLESS,linked by the locked 313-requirement index,0
RUN-TRF-059-20260830T113538774937Z,TRF-059,webFrameShearFactorAlpha,https://w3id.org/nltl/vocab#webFrameShearFactorAlpha,QuantityProperty,,http://qudt.org/schema/qudt/QuantityValue,http://qudt.org/vocab/unit/UNITLESS,linked by the locked 313-requirement index,0
RUN-TRF-059-20260830T113538774937Z,TRF-059,webPlateArea,https://w3id.org/nltl/vocab#webPlateArea,QuantityProperty,,http://qudt.org/schema/qudt/QuantityValue,http://qudt.org/vocab/unit/CentiM2,linked by the locked 313-requirement index,0
RUN-TRF-059-20260830T113538774937Z,TRF-059,yieldStrength,https://w3id.org/nltl/vocab#yieldStrength,QuantityProperty,,http://qudt.org/schema/qudt/QuantityValue,http://qudt.org/vocab/unit/MegaPA,linked by the locked 313-requirement index,0
