EVENT_ID,RUN_ID,REQUIREMENT_ID,TIMESTAMP_UTC,ROLE,MODEL,TRANSPORT_ATTEMPT,STATUS,AUTH_HEADER_NAME,RATE_LIMIT_WAIT_MS,ELAPSED_MS,RETRYING,RESPONSE_ID,INPUT_TOKENS,OUTPUT_TOKENS,TOTAL_TOKENS
EVT-000027,RUN-TRF-007-20260821T024426757787Z,TRF-007,2026-08-21T02:45:29.521Z,generator,gpt-5.6-sol-2026-07-09,1,200,Ocp-Apim-Subscription-Key,0.0,62758.74,False,,,,
EVT-000028,RUN-TRF-007-20260821T024426757787Z,TRF-007,2026-08-21T02:45:29.522Z,generator,gpt-5.6-sol-2026-07-09,1,COMPLETED,,0,62760.058,False,resp_0b3e139475a87472006a87bb8ae0d08195b72b097e7cb80b60,9529,4393,13922
EVT-000035,RUN-TRF-007-20260821T024426757787Z,TRF-007,2026-08-21T02:45:55.617Z,validator,gpt-5.6-sol-2026-07-09,1,200,Ocp-Apim-Subscription-Key,0.0,25980.025,False,,,,
EVT-000036,RUN-TRF-007-20260821T024426757787Z,TRF-007,2026-08-21T02:45:55.619Z,validator,gpt-5.6-sol-2026-07-09,1,COMPLETED,,0,25981.534,False,resp_08d05cf9976a277a006a87bbc9caec8195a8324fe3541daf9d,9986,1793,11779
