EVENT_ID,RUN_ID,REQUIREMENT_ID,TIMESTAMP_UTC,ROLE,MODEL,TRANSPORT_ATTEMPT,STATUS,AUTH_HEADER_NAME,RATE_LIMIT_WAIT_MS,ELAPSED_MS,RETRYING,RESPONSE_ID,INPUT_TOKENS,OUTPUT_TOKENS,TOTAL_TOKENS
EVT-000012,RUN-IMO26-001-20260824T030202757710Z,IMO26-001,2026-08-24T03:02:53.777Z,generator,gpt-5.6-sol-2026-07-09,1,200,Ocp-Apim-Subscription-Key,0.0,51017.808,False,,,,
EVT-000013,RUN-IMO26-001-20260824T030202757710Z,IMO26-001,2026-08-24T03:02:53.779Z,generator,gpt-5.6-sol-2026-07-09,1,COMPLETED,,0,51019.366,False,resp_01457f6997ebf898006a8bb42ad97c8193b4d981d6d623622d,5055,3251,8306
EVT-000020,RUN-IMO26-001-20260824T030202757710Z,IMO26-001,2026-08-24T03:02:58.690Z,validator,gpt-5.6-sol-2026-07-09,1,200,Ocp-Apim-Subscription-Key,0.0,4853.417,False,,,,
EVT-000021,RUN-IMO26-001-20260824T030202757710Z,IMO26-001,2026-08-24T03:02:58.691Z,validator,gpt-5.6-sol-2026-07-09,1,COMPLETED,,0,4854.798,False,resp_0c2913f49dd26933006a8bb45eb2308194abb8328141a1e63a,3936,193,4129
