RUN_ID,REQUIREMENT_ID,ITERATION,STATIC_VALID,VALIDATOR_ACCEPT,MATCHER_ACTIVATED,DECISION,FEEDBACK,GENERATOR_ELAPSED_MS,VALIDATOR_ELAPSED_MS
RUN-TRF-101-20260814T091124792113Z,TRF-101,1,False,False,False,REVISE_STATIC_GATE,"Deterministic validation prevents acceptance. Fix: Unapproved external/generated IRI(s): urn:nltl:stress-shape:ApprovedAnalysisBranch, urn:nltl:stress-shape:FormulaBranch, urn:nltl:stress-shape:LoadCaseShape, urn:nltl:stress-shape:QuantityValueKiloN, urn:nltl:stress-shape:QuantityValueM, urn:nltl:stress-shape:QuantityValueMegaPA, urn:nltl:stress-shape:QuantityValueUnitless, urn:nltl:stress-shape:TRF101ShipShape
Semantic validator feedback: Replace the unapproved urn:nltl:stress-shape:* generated shape IRIs with permitted SHACL blank-node shapes or approved shape identifiers; no canonical vocabulary term is missing.",33575.716,14539.119
