RUN_ID,REQUIREMENT_ID,ITERATION,STATIC_VALID,VALIDATOR_ACCEPT,MATCHER_ACTIVATED,DECISION,FEEDBACK,GENERATOR_ELAPSED_MS,VALIDATOR_ELAPSED_MS
RUN-IMO-106-20260831T053000523858Z,IMO-106,1,True,False,False,REVISE,"The candidate overconstrains the requirement: sh:minCount 1 on dischargedMaterialClassification and a two-branch sh:or make every ship have either clean or segregated ballast and make all other material classifications fail. Encode only the implication: when dischargedMaterialClassification is cleanBallastMaterial or segregatedBallastMaterial, require polarCodeOilDischargeParagraph1Point1Point1Applicable as exactly one xsd:boolean false. Add a valid fallback branch for classifications other than those two, including absent classification if applicability is not independently required, and remove the unconditional classification minCount. Retain the supplied ship-owned paths and canonical terms.",11907.699,9723.641
RUN-IMO-106-20260831T053000523858Z,IMO-106,2,True,True,False,ACCEPT,"The repaired candidate faithfully encodes the implication: cleanBallastMaterial or segregatedBallastMaterial requires exactly one ship-owned xsd:boolean applicability value of false, while the fallback permits other or absent classifications without imposing an applicability requirement. Canonical namespace, target, paths, datatypes, and controlled values are correct, and deterministic validation is valid.",15253.464,5440.824
