RUN_ID,REQUIREMENT_ID,FINAL_SHAPE,GENERATION_STATUS,RDF_EVALUATION_STATUS,NOTES
RUN-TRF-081-20260820T150811097670Z,TRF-081,final/final_shape.ttl,GENERATION_ACCEPTED,NOT_RUN,Run later with the separate bulk RDF evaluator.
