EVENT_ID,RUN_ID,REQUIREMENT_ID,TIMESTAMP_UTC,ROLE,MODEL,TRANSPORT_ATTEMPT,STATUS,AUTH_HEADER_NAME,RATE_LIMIT_WAIT_MS,ELAPSED_MS,RETRYING,RESPONSE_ID,INPUT_TOKENS,OUTPUT_TOKENS,TOTAL_TOKENS
EVT-000044,RUN-TRF-078-20260901T172739455325Z,TRF-078,2026-09-01T17:28:03.300Z,generator,gpt-5.6-luna-2026-07-09,1,200,Ocp-Apim-Subscription-Key,0.0,23840.805,False,,,,
EVT-000045,RUN-TRF-078-20260901T172739455325Z,TRF-078,2026-09-01T17:28:03.301Z,generator,gpt-5.6-luna-2026-07-09,1,COMPLETED,,0,23841.628,False,resp_0fe7a3921e243002006a970b0bae848190b7c56b6c5dff424c,15394,2878,18272
EVT-000050,RUN-TRF-078-20260901T172739455325Z,TRF-078,2026-09-01T17:28:22.116Z,syntax_repair,gpt-5.6-luna-2026-07-09,1,200,Ocp-Apim-Subscription-Key,0.0,18807.942,False,,,,
EVT-000051,RUN-TRF-078-20260901T172739455325Z,TRF-078,2026-09-01T17:28:22.118Z,syntax_repair,gpt-5.6-luna-2026-07-09,1,COMPLETED,,0,18809.506,False,resp_0322d71798b48286006a970b23721881948422d96706f215e4,2323,2406,4729
