RUN_ID,REQUIREMENT_ID,ITERATION,ISSUE_TYPE,DETAIL,STATUS
RUN-IMO-074-20260814T103424732106Z,IMO-074,1,MAX_ATTEMPTS_REACHED,"Replace the unapproved generated shape IRI with an approved shape identifier (or use a blank-node NodeShape). Remove sh:minCount 1 on abandonmentOntoIceOrLandPotential: the verified requirement is conditional and does not independently require existence of the assessment value; retain the conditional true-selector branches so that, when true is asserted, group equipment=true or approval status=approved is required.",OPEN
