RUN_ID,REQUIREMENT_ID,EXAMPLE_ID,CASE_ID,SCORE,MATCHED_TAGS,STATUS
RUN-IMO-030-20260901T141838857513Z,IMO-030,FS-BOOL-01,boolean_state,0.048387,boolean | required | value,synthetic-few-shot-not-benchmark-ground-truth
RUN-IMO-030-20260901T141838857513Z,IMO-030,FS-BOOL-02,boolean_state,0.048387,boolean | required | value,synthetic-few-shot-not-benchmark-ground-truth
