RUN_ID,REQUIREMENT_ID,EXAMPLE_ID,CASE_ID,SCORE,MATCHED_TAGS,STATUS
RUN-IMO-109-20260830T160453994202Z,IMO-109,FS-INT-02,conditional_integrated,0.076923,boolean | conditional | date | quantity | value,synthetic-few-shot-not-benchmark-ground-truth
RUN-IMO-109-20260830T160453994202Z,IMO-109,FS-BOOL-01,boolean_state,0.046154,boolean | required | value,synthetic-few-shot-not-benchmark-ground-truth
