SESSION_ID,RUN_ID,REQUIREMENT_ID,STARTED_UTC,FINISHED_UTC,PIPELINE_VERSION,VOCABULARY_LOCK_ID,ATTEMPTS,FINAL_STATUS,ACCEPTED,FINAL_SHAPE,FINAL_FEEDBACK
SESSION-BATCH-20260830T130455733132Z,RUN-TRF-086-20260830T185115150783Z,TRF-086,2026-08-30T18:51:15.151Z,2026-08-30T18:52:30.467Z,final-luna-main-run08,VOCAB-LOCK-2026-08-22-R13,2,GENERATION_ACCEPTED,True,final/final_shape.ttl,"The candidate now correctly passes the non-CP applicability branch, requires the CP selector and boolean branch evidence, enforces the declared ship-owned operands and result with metre quantities, and checks the derived 0.7 formula using an appropriate expected-value tolerance. Deterministic validation is valid; no further repair is required."
