RUN_ID,REQUIREMENT_ID,LOCAL_NAME,IRI,KIND,DATATYPE,RANGE,RECOMMENDED_UNIT,SELECTION_REASON,ITERATION_ADDED
RUN-IMO-035-20260915T104008110317Z,IMO-035,benchmarkEntity,https://w3id.org/nltl/vocab#benchmarkEntity,Class,,,,baseline target infrastructure; domain dependency of polarWaterOperationalManualIcingAllowanceInformationPresent; domain dependency of polarWaterOperationalManualIcingAllowanceValues; domain dependency of stabilityCalculationIcingAllowanceValues,0
RUN-IMO-035-20260915T104008110317Z,IMO-035,documentRecord,https://w3id.org/nltl/vocab#documentRecord,Class,,https://w3id.org/nltl/vocab#documentArtifact,,range dependency of hasPolarWaterOperationalManualRecord; range dependency of hasStabilityCalculationRecord,0
RUN-IMO-035-20260915T104008110317Z,IMO-035,hasPolarWaterOperationalManualRecord,https://w3id.org/nltl/vocab#hasPolarWaterOperationalManualRecord,ObjectProperty,,https://w3id.org/nltl/vocab#documentRecord,,linked by the locked 313-requirement index,0
RUN-IMO-035-20260915T104008110317Z,IMO-035,hasStabilityCalculationRecord,https://w3id.org/nltl/vocab#hasStabilityCalculationRecord,ObjectProperty,,https://w3id.org/nltl/vocab#documentRecord,,linked by the locked 313-requirement index,0
RUN-IMO-035-20260915T104008110317Z,IMO-035,polarWaterOperationalManualIcingAllowanceInformationPresent,https://w3id.org/nltl/vocab#polarWaterOperationalManualIcingAllowanceInformationPresent,DatatypeProperty,xsd:boolean,http://www.w3.org/2001/XMLSchema#boolean,,linked by the locked 313-requirement index,0
RUN-IMO-035-20260915T104008110317Z,IMO-035,polarWaterOperationalManualIcingAllowanceValues,https://w3id.org/nltl/vocab#polarWaterOperationalManualIcingAllowanceValues,DatatypeProperty,xsd:string,http://www.w3.org/2001/XMLSchema#string,,linked by the locked 313-requirement index,0
RUN-IMO-035-20260915T104008110317Z,IMO-035,ship,https://w3id.org/nltl/vocab#ship,Class,,,,authoritative required owner class; authoritative requirement target owner; baseline target infrastructure; domain dependency of hasPolarWaterOperationalManualRecord; domain dependency of hasStabilityCalculationRecord,0
RUN-IMO-035-20260915T104008110317Z,IMO-035,stabilityCalculationIcingAllowanceValues,https://w3id.org/nltl/vocab#stabilityCalculationIcingAllowanceValues,DatatypeProperty,xsd:string,http://www.w3.org/2001/XMLSchema#string,,linked by the locked 313-requirement index,0
