RUN_ID,REQUIREMENT_ID,ITERATION,ARTIFACT_TYPE,ARTIFACT_PATH,SHA256,BYTES
RUN-IMO-040-20260827T134617544836Z,IMO-040,,initial_context_pack,artifacts/context_pack_initial.json,3891e38b0353c73cc0542c16e4a0f7e7d393b724855e959e49f13cfa6e4ad226,15325
RUN-IMO-040-20260827T134617544836Z,IMO-040,,few_shot_selection,artifacts/few_shots_selected.json,66986b97fb4a02e844e55d41b308ef296e84d8075e0117a3467106efd2be62d0,3110
RUN-IMO-040-20260827T134617544836Z,IMO-040,1,generator_prompt,artifacts/attempt_01/generator_prompt.txt,1c5c41d5640b275580d930a5af4ff4bfd0dea5a98a2e9a092d720092fa6d2cc9,29949
RUN-IMO-040-20260827T134617544836Z,IMO-040,1,generator_raw_response,artifacts/attempt_01/generator_raw.txt,03c7b37cace57cec935d8ca6e669af0b5fafdd2beeda0a24216ae10282c3ba39,1680
RUN-IMO-040-20260827T134617544836Z,IMO-040,1,candidate_shape,artifacts/attempt_01/candidate_shape.ttl,96c803d17ca89afc879e4461d4d4394cd617584861f7047a55eefe7e7a50876f,1655
RUN-IMO-040-20260827T134617544836Z,IMO-040,1,deterministic_validation,artifacts/attempt_01/deterministic_validation.json,ed303052ae48b93cccefa0fd6f0ad3324e53d903a9170e764299e142d33aee8e,739
RUN-IMO-040-20260827T134617544836Z,IMO-040,1,validator_prompt,artifacts/attempt_01/validator_prompt_01.txt,71ea7ae211d2411c2668d5ecc04ea2c840cb51ad47767623de3fdfae5d764c38,26541
RUN-IMO-040-20260827T134617544836Z,IMO-040,1,validator_raw_response,artifacts/attempt_01/validator_raw_01.txt,34a54057620cf20e83e898b30301aac2678ea29818f14317ba416abcb7c5b501,466
RUN-IMO-040-20260827T134617544836Z,IMO-040,1,final_accepted_shape,final/final_shape.ttl,96c803d17ca89afc879e4461d4d4394cd617584861f7047a55eefe7e7a50876f,1655
