EVENT_ID,RUN_ID,REQUIREMENT_ID,TIMESTAMP_UTC,ROLE,MODEL,TRANSPORT_ATTEMPT,STATUS,AUTH_HEADER_NAME,RATE_LIMIT_WAIT_MS,ELAPSED_MS,RETRYING,RESPONSE_ID,INPUT_TOKENS,OUTPUT_TOKENS,TOTAL_TOKENS
EVT-000016,RUN-TRF-062-20260831T112048706855Z,TRF-062,2026-08-31T11:21:01.862Z,generator,gpt-5.6-luna-2026-07-09,1,200,Ocp-Apim-Subscription-Key,0.0,13153.426,False,,,,
EVT-000017,RUN-TRF-062-20260831T112048706855Z,TRF-062,2026-08-31T11:21:01.864Z,generator,gpt-5.6-luna-2026-07-09,1,COMPLETED,,0,13155.008,False,resp_0e30de62f0a73466006a956390d1d88197b8e0c2bdf0517534,6071,1131,7202
EVT-000024,RUN-TRF-062-20260831T112048706855Z,TRF-062,2026-08-31T11:21:09.746Z,validator,gpt-5.6-luna-2026-07-09,1,200,Ocp-Apim-Subscription-Key,0.0,7786.286,False,,,,
EVT-000025,RUN-TRF-062-20260831T112048706855Z,TRF-062,2026-08-31T11:21:09.748Z,validator,gpt-5.6-luna-2026-07-09,1,COMPLETED,,0,7787.669,False,resp_0d482c79ebba0ff5006a95639e12f081909a0d8f6692c541a7,5095,481,5576
