RUN_ID,REQUIREMENT_ID,ITERATION,EVENT,QUERY_FEEDBACK,CANDIDATE_COUNT,MATCH_FOUND,CANONICAL_LOCAL_NAME,CANONICAL_IRI,FEEDBACK_APPENDIX
RUN-I2-029-20260813T163737244902Z,I2-029,1,matcher_search,"The graph only checks co-occurrence: a ship-level result can be satisfied by any structural member having web and attached-shell thicknesses, without proving that those net values were used for that result. It also lets a fitted flange pass with no net flange thickness or branch-selection evidence and omits the shear-area rule allowing full-depth web/flange material while excluding attached shell plating. Locate canonical terms for calculation-to-member/operand evidence, flange-fitted selection, and shear-area material inclusion/exclusion; then constrain each reported section-modulus or shear-area calculation to its specific member and net inputs, require netFlangeThickness when the flange-fitted branch applies, and encode the stated shear-area envelope without allowing missing selection evidence to pass.",5,,,,
RUN-I2-029-20260813T163737244902Z,I2-029,1,matcher_decision,,,True,netFlangeThickness,https://w3id.org/nltl-benchmark/vocab#netFlangeThickness,"Use this exact term because it is the requirement-scoped quantity property for the net thickness of a fitted flange, with QuantityValue range and millimetre unit; it supports the required flange-thickness operand, though separate canonical terms are still needed for branch-selection and calculation evidence."
RUN-I2-029-20260813T163737244902Z,I2-029,2,matcher_search,"Replace the presence-only, vacuously passing model: add required cardinalities for sectionModulus, shearArea, hasStructuralMember, netWebThickness, and netAttachedShellPlateThickness; keep netFlangeThickness conditional on explicit flange-fitted evidence so missing branch-selection evidence cannot pass. Encode evidence that the section-modulus and shear-area calculations actually use the applicable net thicknesses, and enforce the shear-area material envelope permitting web/full-depth material and a fitted flange while excluding attached shell plating. The scoped vocabulary lacks the calculation-input/evidence, flange-selection, and material inclusion/exclusion terms needed for that repair, so locate their canonical terms with the matcher. Preserve the ship target and structural-member relationship, with thickness properties on their domain-compatible member nodes.",11,,,,
RUN-I2-029-20260813T163737244902Z,I2-029,2,matcher_decision,,,False,,,"No candidate is verified because the supplied terms do not represent calculation-input evidence, flange-fitted branch selection, or material inclusion/exclusion semantics."
