RUN_ID,REQUIREMENT_ID,EXAMPLE_ID,CASE_ID,SCORE,MATCHED_TAGS,STATUS
RUN-IMO26-002-20260830T224357654116Z,IMO26-002,FS-BOOL-01,boolean_state,0.054545,boolean | required | value,synthetic-few-shot-not-benchmark-ground-truth
RUN-IMO26-002-20260830T224357654116Z,IMO26-002,FS-BOOL-02,boolean_state,0.054545,boolean | required | value,synthetic-few-shot-not-benchmark-ground-truth
