SESSION_ID,RUN_ID,REQUIREMENT_ID,STARTED_UTC,FINISHED_UTC,PIPELINE_VERSION,VOCABULARY_LOCK_ID,ATTEMPTS,FINAL_STATUS,ACCEPTED,FINAL_SHAPE,FINAL_FEEDBACK
SESSION-BATCH-20260813T191750292904Z,RUN-I2-064-20260813T204009200069Z,I2-064,2026-08-13T20:40:09.201Z,2026-08-13T20:45:29.542Z,0.10.0-dev-r10-graph-completion,VOCAB-DEV-2026-08-13-R10-GRAPH-COMPLETION,3,MAX_ATTEMPTS_REACHED,False,,"Add range/class enforcement for every constrained relationship: require nltl:hasCalculationCase values to be nltl:calculationCase, and require yieldStrength, nominalShearStress, and nominalFlangeVonMisesStress values to be qudt:QuantityValue before validating numericValue and unit. Also explicitly constrain the applicable bucklingCriteriaSatisfied value as xsd:boolean."
