SESSION_ID,RUN_ID,REQUIREMENT_ID,STARTED_UTC,FINISHED_UTC,PIPELINE_VERSION,VOCABULARY_LOCK_ID,ATTEMPTS,FINAL_STATUS,ACCEPTED,FINAL_SHAPE,FINAL_FEEDBACK
SESSION-BATCH-20260827T190357989787Z,RUN-I2-048-20260827T194800815695Z,I2-048,2026-08-27T19:48:00.818Z,2026-08-27T19:55:29.722Z,final-luna-main-run02,VOCAB-LOCK-2026-08-22-R13,4,MAX_ATTEMPTS_REACHED,False,,"Repair the embedded SHACL-SPARQL while preserving all prior Table 8 instructions, owner paths, conditional required-grade cardinality, and family-scoped rank comparison. The FILTER currently selects compliant table branches as violations, reversing the logic: rewrite every applicable branch to fail when requiredHullStructuralSteelGrade is absent or differs from the exact expected grade, and rewrite every NOT_APPLICABLE branch to fail when any required grade is supplied. In particular, enforce NOT_APPLICABLE for steelMaterialClassThree with normalStrengthSteelCategory and PC1-3/PC4-5 in thickness bands (35,40], (40,45], and (45,50], with PC1-5 NOT_APPLICABLE in (45,50]; only PC6-7 require E there. Explicitly fail missing polarClass, asBuiltPlateThickness, steelMaterialClass, steelStrengthCategory, tableReference, or wrong table/unit. Keep actual-versus-required rank failure restricted to the matching normal/high-tensile grade family, and ensure missing actual/rank/required values fail where applicable. The embedded unit: prefix is now declared, so retain that declaration."
