RUN_ID,REQUIREMENT_ID,ITERATION,ARTIFACT_TYPE,ARTIFACT_PATH,SHA256,BYTES
RUN-IMO-023-20260902T130014571191Z,IMO-023,,initial_context_pack,artifacts/context_pack_initial.json,ff6dc028bc904734465097cd6614cb955ea2a127749d9f70d70275d1f34bdaf4,7871
RUN-IMO-023-20260902T130014571191Z,IMO-023,,few_shot_selection,artifacts/few_shots_selected.json,f104f2ac4a911a6679f0f370b7a06320cc4297b9a9200ffd13d4f0157c215ed3,3110
RUN-IMO-023-20260902T130014571191Z,IMO-023,1,generator_prompt,artifacts/attempt_01/generator_prompt.txt,b6b07b7532fb16c6cc8859abc49e4c2134c74b11f6472d208b806588d6788bb7,22495
RUN-IMO-023-20260902T130014571191Z,IMO-023,1,generator_raw_response,artifacts/attempt_01/generator_raw.txt,85d35164d037efbd2e6fd44ea3b651f98bb8359a22bcc539ed8cbf6a588cf9e8,899
RUN-IMO-023-20260902T130014571191Z,IMO-023,1,no_semantic_validator_candidate_shape,artifacts/attempt_01/candidate_shape.ttl,043d23b7edd6a2d7cb804d32756bee49e1d732af668b5bfb1f6806dd80d072e7,874
RUN-IMO-023-20260902T130014571191Z,IMO-023,1,no_semantic_validator_diagnostics,artifacts/attempt_01/no_semantic_validator_diagnostics.json,6d929e684795b2accb84d3d7bd2ff1c8e1913dab988085bb3694ee0312e3be70,994
