RUN_ID,REQUIREMENT_ID,ITERATION,ARTIFACT_TYPE,ARTIFACT_PATH,SHA256,BYTES
RUN-TRF-083-20260824T053121300471Z,TRF-083,,initial_context_pack,artifacts/context_pack_initial.json,019bfdee00213e86f1b7ba409a13dd4a1f73260bd748c88a54d0cb03e605d81e,31500
RUN-TRF-083-20260824T053121300471Z,TRF-083,,few_shot_selection,artifacts/few_shots_selected.json,54a4fafe864f7629bf88011b315b6646ac4eac3f60d42d22145370bace8b3523,3110
RUN-TRF-083-20260824T053121300471Z,TRF-083,1,generator_prompt,artifacts/attempt_01/generator_prompt.txt,12ae2fa2b22f5164561adee76696e5d0b8071680a0d2384d116089c0e016215b,46124
RUN-TRF-083-20260824T053121300471Z,TRF-083,1,generator_raw_response,artifacts/attempt_01/generator_raw.txt,cfb4c59660efb030d1b1263b9867703a5bc27dd63b29310500f2513c7acb026d,2764
RUN-TRF-083-20260824T053121300471Z,TRF-083,1,candidate_shape,artifacts/attempt_01/candidate_shape.ttl,0d0b6e2338f720777c9c503d50168b1ce98a8972bc47ef4c01fdd7db0effdf89,2739
RUN-TRF-083-20260824T053121300471Z,TRF-083,1,deterministic_validation,artifacts/attempt_01/deterministic_validation.json,a8ea004e2b80a5d2bc0cf7d57d76bf999e44d52fc04f605f90a338a3dac5561e,952
RUN-TRF-083-20260824T053121300471Z,TRF-083,1,validator_prompt,artifacts/attempt_01/validator_prompt_01.txt,28af23a9b8b47004f5a23eb78b350eebe8687cf50015c7f6ce981cafe9624c9c,45278
RUN-TRF-083-20260824T053121300471Z,TRF-083,1,validator_raw_response,artifacts/attempt_01/validator_raw_01.txt,0d0e1bf1998fe7f66b04ada02780c13040c09247d1536b2d2c7a1ef02d22741f,328
RUN-TRF-083-20260824T053121300471Z,TRF-083,1,final_accepted_shape,final/final_shape.ttl,0d0b6e2338f720777c9c503d50168b1ce98a8972bc47ef4c01fdd7db0effdf89,2739
