RUN_ID,REQUIREMENT_ID,ITERATION,ARTIFACT_TYPE,ARTIFACT_PATH,SHA256,BYTES
RUN-TRF-109-20260827T172556260966Z,TRF-109,,initial_context_pack,artifacts/context_pack_initial.json,062925c8970bdeace2b684bb9d29de61c97c9c3a31f7127058552340ed26552f,33840
RUN-TRF-109-20260827T172556260966Z,TRF-109,,few_shot_selection,artifacts/few_shots_selected.json,637b3382ed7ac45fb7ec7d59d1a8aa97960e6d32c198ad0d32ae82285feccf60,4294
RUN-TRF-109-20260827T172556260966Z,TRF-109,1,generator_prompt,artifacts/attempt_01/generator_prompt.txt,435608453731571163bfdecdac723cad72063f59778f63f9d751d5ffa71de483,49648
RUN-TRF-109-20260827T172556260966Z,TRF-109,1,generator_raw_response,artifacts/attempt_01/generator_raw.txt,1407205d6a06ab21910fa96ad834b27df6ece033c267a1c7b113331f28e63e7c,8817
RUN-TRF-109-20260827T172556260966Z,TRF-109,1,candidate_shape,artifacts/attempt_01/candidate_shape.ttl,98bac04e40cf3e87b653c38f41ee3d6038b0926e483c3905f03a4209a2ab63aa,8792
RUN-TRF-109-20260827T172556260966Z,TRF-109,1,deterministic_validation,artifacts/attempt_01/deterministic_validation.json,e989ce63053e87901182940017a8597afefe04fee75ec1bb21614ca4e7cb1ca5,966
RUN-TRF-109-20260827T172556260966Z,TRF-109,1,validator_prompt,artifacts/attempt_01/validator_prompt_01.txt,85ed60b99ffc70f2463ab5ef2662c48c5ec6e5d78f5e8c325274856d3e94c07c,54182
RUN-TRF-109-20260827T172556260966Z,TRF-109,1,validator_raw_response,artifacts/attempt_01/validator_raw_01.txt,9f7b83b4934b58d6b1f13aa7ae5ff8e49853f81b5130c1cf2f98a2c3932d66ca,468
RUN-TRF-109-20260827T172556260966Z,TRF-109,1,final_accepted_shape,final/final_shape.ttl,98bac04e40cf3e87b653c38f41ee3d6038b0926e483c3905f03a4209a2ab63aa,8792
