RUN_ID,REQUIREMENT_ID,ITERATION,STATIC_VALID,VALIDATOR_ACCEPT,MATCHER_ACTIVATED,DECISION,FEEDBACK,GENERATOR_ELAPSED_MS,VALIDATOR_ELAPSED_MS
RUN-I2-017-20260901T095156117732Z,I2-017,1,True,,False,NO_SEMANTIC_VALIDATOR_DETERMINISTIC_PASS,Semantic validator disabled; deterministic diagnostics were not used as repair feedback.,23578.302,0
