RUN_ID,REQUIREMENT_ID,EXAMPLE_ID,CASE_ID,SCORE,MATCHED_TAGS,STATUS
RUN-TRF-076-20260901T191650707340Z,TRF-076,FS-BOOL-01,boolean_state,0.073171,boolean | required | value,synthetic-few-shot-not-benchmark-ground-truth
RUN-TRF-076-20260901T191650707340Z,TRF-076,FS-BOOL-02,boolean_state,0.073171,boolean | required | value,synthetic-few-shot-not-benchmark-ground-truth
