EVENT_ID,RUN_ID,REQUIREMENT_ID,TIMESTAMP_UTC,ROLE,MODEL,TRANSPORT_ATTEMPT,STATUS,AUTH_HEADER_NAME,RATE_LIMIT_WAIT_MS,ELAPSED_MS,RETRYING,RESPONSE_ID,INPUT_TOKENS,OUTPUT_TOKENS,TOTAL_TOKENS
EVT-000016,RUN-TRF-062-20260829T170206628449Z,TRF-062,2026-08-29T17:02:15.147Z,generator,gpt-5.6-luna-2026-07-09,1,200,Ocp-Apim-Subscription-Key,0.0,8515.759,False,,,,
EVT-000017,RUN-TRF-062-20260829T170206628449Z,TRF-062,2026-08-29T17:02:15.148Z,generator,gpt-5.6-luna-2026-07-09,1,COMPLETED,,0,8517.306,False,resp_0f535aa19bdd83e7006a93108eb7548196b10aa1fbe1a752ec,6071,797,6868
EVT-000024,RUN-TRF-062-20260829T170206628449Z,TRF-062,2026-08-29T17:02:22.500Z,validator,gpt-5.6-luna-2026-07-09,1,200,Ocp-Apim-Subscription-Key,0.0,7294.129,False,,,,
EVT-000025,RUN-TRF-062-20260829T170206628449Z,TRF-062,2026-08-29T17:02:22.502Z,validator,gpt-5.6-luna-2026-07-09,1,COMPLETED,,0,7295.668,False,resp_0d30def23530f625006a9310974a0481979757527f825f28d3,4568,513,5081
EVT-000030,RUN-TRF-062-20260829T170206628449Z,TRF-062,2026-08-29T17:02:40.053Z,generator,gpt-5.6-luna-2026-07-09,1,200,Ocp-Apim-Subscription-Key,0.0,17546.822,False,,,,
EVT-000031,RUN-TRF-062-20260829T170206628449Z,TRF-062,2026-08-29T17:02:40.055Z,generator,gpt-5.6-luna-2026-07-09,1,COMPLETED,,0,17548.438,False,resp_0446c070a197057d006a93109e951881948c46be45b9aa9a94,6149,1705,7854
EVT-000036,RUN-TRF-062-20260829T170206628449Z,TRF-062,2026-08-29T17:02:40.790Z,syntax_repair,gpt-5.6-luna-2026-07-09,1,500,Ocp-Apim-Subscription-Key,0.0,727.678,True,,,,
EVT-000039,RUN-TRF-062-20260829T170206628449Z,TRF-062,2026-08-29T17:02:53.412Z,syntax_repair,gpt-5.6-luna-2026-07-09,2,200,Ocp-Apim-Subscription-Key,0.0,7161.315,False,,,,
EVT-000040,RUN-TRF-062-20260829T170206628449Z,TRF-062,2026-08-29T17:02:53.414Z,syntax_repair,gpt-5.6-luna-2026-07-09,2,COMPLETED,,0,13352.015,False,resp_0edf6565f5845bf2006a9310b653d48190a0a9c3b1ce72e9cb,1105,712,1817
EVT-000048,RUN-TRF-062-20260829T170206628449Z,TRF-062,2026-08-29T17:03:03.018Z,validator,gpt-5.6-luna-2026-07-09,1,200,Ocp-Apim-Subscription-Key,0.0,9507.838,False,,,,
EVT-000049,RUN-TRF-062-20260829T170206628449Z,TRF-062,2026-08-29T17:03:03.020Z,validator,gpt-5.6-luna-2026-07-09,1,COMPLETED,,0,9509.317,False,resp_0485bd3354494acb006a9310bd98d08193842408e2e3df2321,5238,774,6012
