RUN_ID,REQUIREMENT_ID,ITERATION,ARTIFACT_TYPE,ARTIFACT_PATH,SHA256,BYTES
RUN-IMO-008-20260827T132611266357Z,IMO-008,,initial_context_pack,artifacts/context_pack_initial.json,2cb9f97311139b25cda3c30a6cb7e120b767d49a08e65bbd37f36eab7295f82d,13486
RUN-IMO-008-20260827T132611266357Z,IMO-008,,few_shot_selection,artifacts/few_shots_selected.json,e672cc5d2cd61bb83a175c08266f56b728d43f6e165145b87a0ae14813705336,4294
RUN-IMO-008-20260827T132611266357Z,IMO-008,1,generator_prompt,artifacts/attempt_01/generator_prompt.txt,a66e1d4ea9536bdb2e3b5781c89d3fa03bdea128676bbbb24576625671c2f01e,29294
RUN-IMO-008-20260827T132611266357Z,IMO-008,1,generator_raw_response,artifacts/attempt_01/generator_raw.txt,2aec662b8ad921e51ee508a7f9510e940a12ca6e2197745af89101242e88c272,1332
RUN-IMO-008-20260827T132611266357Z,IMO-008,1,candidate_shape,artifacts/attempt_01/candidate_shape.ttl,06f989e10ca04a603e36f0a06bb58c5d9ddb7a915abb154886d005cf36b645f9,1307
RUN-IMO-008-20260827T132611266357Z,IMO-008,1,deterministic_validation,artifacts/attempt_01/deterministic_validation.json,9158fa3754254c5d92a808b0f16900d6f9c116d091879e8d2e64a42bf2340b4e,586
RUN-IMO-008-20260827T132611266357Z,IMO-008,1,validator_prompt,artifacts/attempt_01/validator_prompt_01.txt,cf7ee934a73ccc42dc943613c6059b8a2ee6a79bd503a44fb56f397cc8f17928,23232
RUN-IMO-008-20260827T132611266357Z,IMO-008,1,validator_raw_response,artifacts/attempt_01/validator_raw_01.txt,66145e59f11792d217f2a47202ddee3fb2858785db5e508bd9f161bef6dfe872,505
RUN-IMO-008-20260827T132611266357Z,IMO-008,2,generator_prompt,artifacts/attempt_02/generator_prompt.txt,ffb9c8f9d33a7db673995c634a15a9a32c9be1b7bb51b078b49fb19b12e53e43,29737
RUN-IMO-008-20260827T132611266357Z,IMO-008,2,generator_raw_response,artifacts/attempt_02/generator_raw.txt,5e90161e9faf36633ddf21470c4399fb4db938729550c526fc1dbe0547950048,1486
RUN-IMO-008-20260827T132611266357Z,IMO-008,2,candidate_shape,artifacts/attempt_02/candidate_shape.ttl,0e90d7de77c18140670ae74f82bb92676c1ebb9a699f0a663657e4a8ea3402e6,1461
RUN-IMO-008-20260827T132611266357Z,IMO-008,2,deterministic_validation,artifacts/attempt_02/deterministic_validation.json,9158fa3754254c5d92a808b0f16900d6f9c116d091879e8d2e64a42bf2340b4e,586
RUN-IMO-008-20260827T132611266357Z,IMO-008,2,validator_prompt,artifacts/attempt_02/validator_prompt_01.txt,287d29ee4e5ebec6859ce85313075100f33e8b1a56915aef7c162a34bbde4ac1,23837
RUN-IMO-008-20260827T132611266357Z,IMO-008,2,validator_raw_response,artifacts/attempt_02/validator_raw_01.txt,ed2375ef84f62e6f8358f0604407f80631bab0ffab196e3028fa310f357fe282,409
RUN-IMO-008-20260827T132611266357Z,IMO-008,2,final_accepted_shape,final/final_shape.ttl,0e90d7de77c18140670ae74f82bb92676c1ebb9a699f0a663657e4a8ea3402e6,1461
