RUN_ID,REQUIREMENT_ID,FINAL_SHAPE,GENERATION_STATUS,RDF_EVALUATION_STATUS,NOTES
RUN-IMO-049-20260915T105210812150Z,IMO-049,final/final_shape.ttl,GENERATION_ACCEPTED,NOT_RUN,Run later with the separate bulk RDF evaluator.
