SESSION_ID,RUN_ID,REQUIREMENT_ID,STARTED_UTC,FINISHED_UTC,PIPELINE_VERSION,VOCABULARY_LOCK_ID,ATTEMPTS,FINAL_STATUS,ACCEPTED,FINAL_SHAPE,FINAL_FEEDBACK
SESSION-BATCH-20260823T232935794597Z,RUN-I2-031-20260824T001225787279Z,I2-031,2026-08-24T00:12:25.790Z,2026-08-24T00:19:49.268Z,development-r13-sol-full268-max4-01,VOCAB-LOCK-2026-08-22-R13,4,MAX_ATTEMPTS_REACHED,False,,"Deterministic validation still prevents freezing because the COMPLETE dependency contract incorrectly lists frameProfileType as required. Preserve the candidate’s current applicability, owner paths, demand <= plasticStrength comparison, common-unit requirement, derived plasticStrength/midspanPlasticCollapseLoad tolerance, conditional ship-owned patchLoad and plasticCollapseMechanism checks, and bottom-load-case orientation rule. Do not add frameProfileType: the verified I2-031 requirement contains no frame-profile obligation, and the supplied registry record grounds that term only in TRF-051. Remove frameProfileType from I2-031 relationshipTerms/dependency metadata, rerun deterministic validation, and accept only after deterministicValidation.valid becomes true."
